  1.000000  -0.000004 
  2.000000   0.050093 
  3.000000   0.012061 
  4.000000   0.112679 
  5.000000   0.233804 
  6.000000   0.377995 
  7.000000   0.529729 
  8.000000   0.730995 
  9.000000   0.943124 
 10.000000   1.198401 
 11.000000   1.476979 
 12.000000   1.783934 
 13.000000   2.122274 
 14.000000   2.485841 
 15.000000   2.878537 
 16.000000   3.298699 
 17.000000   3.745776 
 18.000000   4.222036 
 19.000000   4.723463 
 20.000000   5.251004 
 21.000000   5.805166 
 22.000000   6.385218 
 23.000000   6.990891 
 24.000000   7.620984 
 25.000000   8.276648 
 26.000000   8.955899 
 27.000000   9.658902 
 28.000000  10.385700 
 29.000000  11.135674 
 30.000000  11.908360 
 31.000000  12.703121 
 32.000000  13.519505 
 33.000000  14.357359 
 34.000000  15.216045 
 35.000000  16.095224 
 36.000000  16.994480 
 37.000000  17.913215 
 38.000000  18.851235 
 39.000000  19.807818 
 40.000000  20.782865 
 41.000000  21.775468 
 42.000000  22.785462 
 43.000000  23.812498 
 44.000000  24.856022 
 45.000000  25.915477 
 46.000000  26.990657 
 47.000000  28.080955 
 48.000000  29.186052 
 49.000000  30.305436 
 50.000000  31.438863 
 51.000000  32.585589 
 52.000000  33.745443 
 53.000000  34.917982 
 54.000000  36.102730 
 55.000000  37.299394 
 56.000000  38.507383 
 57.000000  39.726539 
 58.000000  40.956324 
 59.000000  42.196428 
 60.000000  43.446371 
 61.000000  44.705899 
 62.000000  45.974516 
 63.000000  47.251857 
 64.000000  48.537687 
 65.000000  49.831575 
 66.000000  51.133137 
 67.000000  52.442042 
 68.000000  53.757911 
 69.000000  55.080513 
 70.000000  56.409355 
 71.000000  57.744193 
 72.000000  59.084728 
 73.000000  60.430551 
 74.000000  61.781390 
 75.000000  63.136919 
 76.000000  64.496764 
 77.000000  65.860668 
 78.000000  67.228327 
 79.000000  68.599385 
 80.000000  69.973577 
 81.000000  71.350587 
 82.000000  72.730148 
 83.000000  74.111885 
 84.000000  75.495560 
 85.000000  76.880908 
 86.000000  78.267593 
 87.000000  79.655304 
 88.000000  81.043814 
 89.000000  82.432816 
 90.000000  83.822003 
 91.000000  85.211116 
 92.000000  86.599895 
 93.000000  87.988009 
 94.000000  89.375235 
 95.000000  90.761260 
 96.000000  92.145793 
 97.000000  93.528601 
 98.000000  94.909372 
 99.000000  96.287847 
100.000000  97.663760 
101.000000  99.036818 
102.000000 100.406732 
103.000000 101.773265 
104.000000 103.136089 
105.000000 104.494936 
106.000000 105.849589 
107.000000 107.199712 
108.000000 108.545001 
109.000000 109.885228 
110.000000 111.220092 
111.000000 112.549268 
112.000000 113.872546 
113.000000 115.189566 
114.000000 116.500031 
115.000000 117.803712 
116.000000 119.100237 
117.000000 120.389383 
118.000000 121.670794 
119.000000 122.944184 
120.000000 124.209215 
121.000000 125.465618 
122.000000 126.713061 
123.000000 127.951211 
124.000000 129.179776 
125.000000 130.393971 
126.000000 131.007346 
127.000000 131.610940 
128.000000 132.204748 
129.000000 132.788683 
130.000000 133.362724 
131.000000 133.926817 
132.000000 134.480943 
133.000000 135.025017 
134.000000 135.559032 
135.000000 136.082937 
136.000000 136.596679 
137.000000 137.100227 
138.000000 137.593543 
139.000000 138.076592 
140.000000 138.549326 
141.000000 139.011717 
142.000000 139.463732 
143.000000 139.905327 
144.000000 140.336475 
145.000000 140.757142 
146.000000 141.167280 
147.000000 141.566872 
148.000000 141.955881 
149.000000 142.334290 
150.000000 142.702047 
151.000000 143.059147 
152.000000 143.405540 
153.000000 143.741219 
154.000000 144.066147 
155.000000 144.380287 
156.000000 144.683637 
157.000000 144.976159 
158.000000 145.257842 
159.000000 145.528653 
160.000000 145.788574 
161.000000 146.037582 
162.000000 146.275658 
163.000000 146.502784 
164.000000 146.718952 
165.000000 146.924132 
166.000000 147.118310 
167.000000 147.301483 
168.000000 147.473634 
169.000000 147.634724 
170.000000 147.784760 
171.000000 147.923735 
172.000000 148.051644 
173.000000 148.168449 
174.000000 148.274155 
175.000000 148.368768 
176.000000 148.452265 
177.000000 148.524639 
178.000000 148.585888 
179.000000 148.636002 
180.000000 148.674994 
181.000000 148.702843 
182.000000 148.719549 
183.000000 148.725123 
184.000000 148.725123 
185.000000 148.740134 
186.000000 148.785140 
187.000000 148.860112 
188.000000 148.964933 
189.000000 149.099479 
190.000000 149.263588 
191.000000 149.457077 
192.000000 149.679687 
193.000000 149.931151 
194.000000 150.211192 
195.000000 150.519456 
196.000000 150.855577 
197.000000 151.219179 
198.000000 151.609800 
199.000000 152.027022 
200.000000 152.470347 
201.000000 152.939253 
202.000000 153.433233 
203.000000 153.951705 
204.000000 154.494106 
205.000000 155.059822 
206.000000 155.648254 
207.000000 156.258746 
208.000000 156.890629 
209.000000 157.543249 
210.000000 158.215916 
211.000000 158.907910 
212.000000 159.618536 
213.000000 160.347057 
214.000000 161.092723 
215.000000 161.854799 
216.000000 162.632522 
217.000000 163.425131 
218.000000 164.231834 
219.000000 165.051865 
220.000000 165.884447 
221.000000 166.728776 
222.000000 167.226517 
223.000000 167.078292 
224.000000 166.932395 
225.000000 166.789064 
226.000000 166.648576 
227.000000 166.511179 
228.000000 166.377096 
229.000000 166.246565 
230.000000 166.119760 
231.000000 165.996915 
232.000000 165.878191 
233.000000 165.763763 
234.000000 165.653770 
235.000000 165.548367 
236.000000 165.447677 
237.000000 165.351798 
238.000000 165.260858 
239.000000 165.174908 
240.000000 165.094048 
241.000000 165.018310 
242.000000 164.947743 
243.000000 164.882379 
244.000000 164.822224 
245.000000 164.767287 
246.000000 164.717530 
247.000000 164.672950 
248.000000 164.633509 
249.000000 164.599113 
250.000000 164.569728 
251.000000 164.545266 
252.000000 164.525624 
253.000000 164.510709 
254.000000 164.500388 
255.000000 164.494534 
256.000000 164.493009 
257.000000 164.495651 
258.000000 164.502285 
259.000000 164.512765 
260.000000 164.526879 
261.000000 164.544429 
262.000000 164.565226 
263.000000 164.589028 
264.000000 164.615630 
265.000000 164.644775 
266.000000 164.676231 
267.000000 164.709751 
268.000000 164.745056 
269.000000 164.781885 
270.000000 164.819965 
271.000000 164.859015 
272.000000 164.898739 
273.000000 164.938851 
274.000000 164.979034 
275.000000 165.018995 
276.000000 165.058408 
277.000000 165.096981 
278.000000 165.134375 
279.000000 165.170264 
280.000000 165.204326 
281.000000 165.236236 
282.000000 165.265658 
283.000000 165.292248 
284.000000 165.315693 
285.000000 165.335631 
286.000000 165.351722 
287.000000 165.363651 
288.000000 165.371059 
289.000000 165.373591 
290.000000 165.373591 
291.000000 165.370932 
292.000000 165.362731 
293.000000 165.348653 
294.000000 165.328393 
295.000000 165.301589 
296.000000 165.267903 
297.000000 165.227031 
298.000000 165.178639 
299.000000 165.122421 
300.000000 165.058046 
301.000000 164.985210 
302.000000 164.903604 
303.000000 164.812932 
304.000000 164.712891 
305.000000 164.603176 
306.000000 164.483541 
307.000000 164.353681 
308.000000 164.213330 
309.000000 164.062227 
310.000000 163.900112 
311.000000 163.726735 
312.000000 163.541826 
313.000000 163.345199 
314.000000 163.136597 
315.000000 162.915794 
316.000000 162.682600 
317.000000 162.436798 
318.000000 162.178198 
319.000000 161.906606 
320.000000 161.621876 
321.000000 161.323785 
322.000000 161.012225 
323.000000 160.687027 
324.000000 160.348031 
325.000000 159.995121 
326.000000 159.628189 
327.000000 159.247107 
328.000000 158.851758 
329.000000 158.442061 
330.000000 158.017919 
331.000000 157.579259 
332.000000 157.126016 
333.000000 156.658131 
334.000000 156.175539 
335.000000 155.678211 
336.000000 155.166101 
337.000000 154.639182 
338.000000 154.097447 
339.000000 153.540882 
340.000000 152.969486 
341.000000 152.383262 
342.000000 151.782228 
343.000000 151.166400 
344.000000 150.535830 
345.000000 149.890506 
346.000000 149.230536 
347.000000 148.555934 
348.000000 147.866749 
349.000000 147.163059 
350.000000 146.444940 
351.000000 145.712484 
352.000000 144.965740 
353.000000 144.204810 
354.000000 143.429804 
355.000000 142.640809 
356.000000 141.837944 
357.000000 141.021322 
358.000000 140.191044 
359.000000 139.347244 
360.000000 138.490066 
361.000000 137.619622 
362.000000 136.736042 
363.000000 135.839488 
364.000000 134.930100 
365.000000 134.008015 
366.000000 133.073422 
367.000000 132.126439 
368.000000 131.167261 
369.000000 130.196025 
370.000000 129.212929 
371.000000 128.218129 
372.000000 127.211810 
373.000000 126.194141 
374.000000 125.165313 
375.000000 124.125522 
376.000000 123.074934 
377.000000 122.013776 
378.000000 120.942193 
379.000000 119.860430 
380.000000 118.768665 
381.000000 117.667089 
382.000000 116.555939 
383.000000 115.435384 
384.000000 114.305699 
385.000000 113.167044 
386.000000 112.019647 
387.000000 110.863736 
388.000000 109.699509 
389.000000 108.527218 
390.000000 107.347036 
391.000000 106.159263 
392.000000 104.964090 
393.000000 103.761763 
394.000000 102.552494 
395.000000 101.336534 
396.000000 100.114124 
397.000000  98.885489 
398.000000  97.650902 
399.000000  96.410588 
400.000000  95.164806 
401.000000  93.913805 
402.000000  92.657810 
403.000000  91.397092 
404.000000  90.131957 
405.000000  88.862634 
406.000000  87.589371 
407.000000  86.312412 
408.000000  85.032109 
409.000000  83.748680 
410.000000  82.462347 
411.000000  81.173487 
412.000000  79.882335 
413.000000  78.589161 
414.000000  77.294296 
415.000000  75.997976 
416.000000  74.700549 
417.000000  73.402251 
418.000000  72.103435 
419.000000  70.804335 
420.000000  69.505329 
421.000000  68.206740 
422.000000  66.908819 
423.000000  65.611927 
424.000000  64.316325 
425.000000  63.022429 
426.000000  61.730546 
427.000000  60.440884 
428.000000  59.153950 
429.000000  57.870053 
430.000000  56.589480 
431.000000  55.312632 
432.000000  54.039809 
433.000000  52.771356 
434.000000  51.507779 
435.000000  50.249321 
436.000000  48.996368 
437.000000  47.749332 
438.000000  46.508657 
439.000000  45.274594 
440.000000  44.047568 
441.000000  42.828126 
442.000000  41.616496 
443.000000  40.413093 
444.000000  39.218428 
445.000000  38.032950 
446.000000  36.856976 
447.000000  35.690902 
448.000000  34.535349 
449.000000  33.390472 
450.000000  32.256995 
451.000000  31.135132 
452.000000  30.025540 
453.000000  28.928569 
454.000000  27.844695 
455.000000  26.774294 
456.000000  25.717951 
457.000000  24.676098 
458.000000  23.649131 
459.000000  22.637699 
460.000000  21.642083 
461.000000  20.662673 
462.000000  19.700423 
463.000000  18.755421 
464.000000  17.828301 
465.000000  16.919262 
466.000000  16.029226 
467.000000  15.158401 
468.000000  14.307203 
469.000000  13.476246 
470.000000  12.665862 
471.000000  11.877042 
472.000000  11.109209 
473.000000  10.363977 
474.000000   9.641457 
475.000000   8.941461 
476.000000   8.265456 
477.000000   7.612564 
478.000000   6.984116 
479.000000   6.380957 
480.000000   5.802283 
481.000000   5.249905 
482.000000   4.722319 
483.000000   4.221998 
484.000000   3.747319 
485.000000   3.300411 
486.000000   2.879581 
487.000000   2.486980 
488.000000   2.123669 
489.000000   1.786782 
490.000000   1.480631 
491.000000   1.196977 
492.000000   0.948870 
493.000000   0.727076 
494.000000   0.528088 
495.000000   0.374151 
496.000000   0.244500 
497.000000   0.125437 
498.000000   0.046645 
499.000000  -0.042307 
500.000000  -0.000004 
