vectors
3.4843490103004533    0.0000000000000000    0.0000000000000000
0.0000000000000000    6.3514351152532846    0.0000000000000000
0.0000000000000000    0.0000000000000000   20.1451492056119186
Fractional
Mo1 core   0.0000447619133297  0.7295103371589988  0.1628660582880741   0.0   1.0   0.0   1 1 1
Mo1 core   0.5000352307079510  0.0907411148180799  0.1532818002062371   0.0   1.0   0.0   1 1 1
Te1 core   0.0000463784763696  0.3388190644910765  0.2315848571415202   0.0   1.0   0.0   1 1 1
Te1 core   0.5000265971221438  0.4814713668388535  0.0846106922021406   0.0   1.0   0.0   1 1 1
Te2 core   0.5000475170432637  0.8302656064275240  0.2607377534454898   0.0   1.0   0.0   1 1 1
Te2 core   0.0000249322524155  0.9898639547578227  0.0554193387165327   0.0   1.0   0.0   1 1 1
