200
2.521327 3.159128 3.195781 5.454392 6.501727 2.306364 1.678143 1.799588 2.074894 0.302983 0.291951 0.300197 54.028817 40.394058 49.063467 13.866470 14.624918 31.486135 29.645675 35.353290 31.917601 24.327606 22.843557 1.786665 1.754173 1.977875 2.270143 5.320885 5.558035 
2.524074 3.255594 3.057413 5.308025 6.427992 2.315751 1.820616 1.851420 2.080978 0.294490 0.277637 0.315156 55.892088 40.520898 59.029970 14.383105 14.478749 32.977238 30.761406 35.373405 34.233477 24.492620 23.400932 1.812932 1.676853 1.951286 2.173778 5.377992 5.606252 
2.741970 3.354310 3.198114 5.691325 6.642908 2.356921 1.813058 1.853889 2.292670 0.285024 0.249596 0.319078 55.343552 44.250687 48.911343 14.430978 15.122569 31.755524 34.121727 35.582741 32.253361 21.024323 21.338617 1.787969 2.029681 1.790364 2.026746 5.535264 5.621649 
2.485318 3.470155 2.605625 5.546778 6.854655 2.358869 1.800862 2.262142 2.339575 0.367011 0.272769 0.318998 55.713300 43.877802 49.920342 12.394097 15.841825 32.820491 38.591140 37.659523 27.782035 24.312697 23.337511 1.782604 2.180315 1.742696 1.993167 5.749659 5.614345 
2.684543 3.477092 3.597640 5.429299 6.855897 2.175089 1.912800 1.700157 1.961527 0.341654 0.273218 0.321920 54.584011 43.855648 49.661362 13.721418 15.814333 36.299039 37.992055 35.052818 27.760562 20.833078 23.418017 1.866121 2.182850 1.762210 1.691812 5.905608 6.061690 
2.657227 3.449934 3.396084 5.650284 7.055077 2.271955 1.788658 1.938013 2.101820 0.325013 0.280324 0.255459 52.781328 43.565038 50.086747 14.214672 14.631774 31.060807 36.161759 34.330203 33.164264 24.408568 22.268555 2.102119 1.561068 1.879210 1.897331 6.183594 5.855264 
2.718203 3.490485 3.444207 5.347539 6.910752 2.242550 1.745754 1.839215 2.017883 0.319729 0.275960 0.316530 52.656863 42.382173 51.277799 13.189293 14.808776 32.540050 34.400811 34.515733 35.744226 24.371424 21.566714 2.138543 2.148580 1.670607 1.904084 5.757200 5.985210 
2.638662 3.360732 3.112165 5.567107 6.474646 2.325548 1.609420 1.839985 2.279786 0.271726 0.315730 0.296853 52.271406 42.635771 43.898498 13.373305 14.780209 34.486204 34.439772 36.719193 29.616654 23.687297 22.664208 1.967136 1.781249 1.823115 2.095028 4.931781 5.541011 
2.668988 3.404094 3.210590 5.482889 6.513364 2.343106 1.845773 1.841027 2.388114 0.295672 0.315229 0.298082 54.539625 42.616283 50.109375 13.475254 14.749377 33.837339 34.527414 36.919368 30.448915 23.486342 22.789283 1.999489 1.722445 1.598760 2.108767 4.908754 5.120919 
3.104990 3.210015 3.229403 5.700860 5.433273 2.306253 1.675092 2.051562 2.347234 0.306874 0.334618 0.316428 49.074299 42.682774 47.890537 11.590612 14.385952 36.113949 32.062611 35.972198 29.432356 23.632429 24.494806 2.004575 1.928174 1.551412 1.994911 5.839131 5.887589 
3.104990 3.210015 3.229403 5.700860 5.433273 2.306253 1.675092 2.051562 2.347234 0.306874 0.334618 0.316428 49.074299 42.682774 47.890537 11.590612 14.385952 36.113949 32.062611 35.972198 29.432356 23.632429 24.494806 2.004575 1.928174 1.551412 1.994911 5.839131 5.887589 
2.505179 3.340825 3.276737 5.421803 6.255233 2.447696 1.647944 1.791183 2.059543 0.288143 0.278997 0.299776 53.633928 44.816983 51.037115 10.991823 15.395457 33.895843 33.936639 35.092574 31.673777 21.464076 25.029657 2.154839 1.839462 1.876034 2.085675 5.427413 5.083093 
2.418326 3.173620 3.249555 5.707959 6.116233 2.472561 1.613787 1.807253 2.063306 0.286986 0.298276 0.313401 54.118300 41.483113 52.670622 13.299823 15.285608 34.331890 33.794878 35.089391 35.958143 21.330230 24.045179 2.119514 1.659004 1.832098 2.241674 5.475854 5.166872 
2.842906 3.064577 3.123314 5.507152 6.229168 2.411602 1.995245 1.862910 2.055310 0.259075 0.284311 0.303106 50.500660 43.170052 46.453117 14.630420 15.276987 35.279232 38.071892 37.807537 35.830868 24.493603 23.774612 2.186692 2.067902 1.907942 2.007306 4.972487 4.668798 
2.878626 3.417401 3.310121 6.683140 5.543733 2.603714 1.811953 1.875489 2.269246 0.336392 0.261965 0.293268 57.164577 44.102982 51.467808 12.465672 14.874281 34.604069 34.964912 33.534828 35.051125 19.093395 22.502497 2.024343 1.907509 1.731404 2.193279 5.963790 5.158697 
2.584694 3.356623 2.793620 6.164367 6.569841 3.201631 1.866015 1.767375 2.057787 0.306226 0.280004 0.301287 48.027905 46.266785 58.643764 13.722172 14.458372 33.202175 33.040390 32.469501 29.131817 21.074648 21.360468 1.581955 2.033066 2.091800 1.903183 5.550745 5.174566 
2.623102 3.347776 3.194448 5.693529 6.474127 2.333720 1.731847 1.803635 2.338457 0.273853 0.288092 0.297743 53.915389 46.403310 51.059196 12.900750 15.556076 31.747180 34.575794 36.584072 34.777896 23.586514 23.394632 1.978480 1.641749 1.791611 2.062464 6.303074 6.509385 
2.648631 3.358348 3.147306 5.539078 6.521512 2.250551 1.615832 1.753844 1.793714 0.308642 0.268067 0.299108 55.594351 40.689432 52.020176 13.233600 15.633505 34.837992 35.361355 35.586956 35.493555 23.536656 23.564791 2.005502 2.064519 1.558615 2.031633 5.328150 6.028655 
2.433414 3.565253 2.827092 5.411442 5.900070 2.339881 1.624321 2.042350 2.335143 0.295495 0.274472 0.331364 55.800766 43.648952 50.732918 13.485011 14.644664 33.074043 32.881710 33.987251 33.251453 22.546301 21.863401 1.984937 1.776748 1.748862 2.164789 6.413357 5.934988 
2.805496 3.002985 3.222708 6.156612 6.375304 2.283257 1.971890 1.685113 2.301089 0.300871 0.294006 0.290054 53.992381 44.078928 54.086466 13.447380 15.111291 33.770151 28.404115 36.551436 34.671063 18.465864 23.144552 2.002288 1.816831 1.875924 2.044678 6.368338 5.076795 
2.960005 3.301808 3.231291 6.110814 6.808578 2.187345 1.830199 1.996242 2.304752 0.356746 0.262718 0.283222 54.303227 42.143207 52.852712 13.423630 14.943532 32.154038 38.111453 35.190642 34.825942 22.711676 23.111019 2.022276 2.192519 1.981990 2.044948 6.044504 4.985752 
2.753167 3.296260 3.127698 6.027384 6.207994 2.801937 1.924832 1.720515 2.179538 0.295515 0.274414 0.265287 50.208469 43.852727 49.754782 14.301682 11.768078 33.895444 30.710541 38.208481 31.728377 21.516685 25.228706 2.074925 1.824265 1.584350 1.876003 6.138970 5.253025 
2.881036 3.439916 2.958454 6.584168 6.067168 2.491418 1.953309 1.728394 2.320930 0.281622 0.275461 0.239829 58.440157 45.875746 50.282294 14.280834 11.683630 35.173900 32.820786 34.263494 33.339437 21.783088 25.016721 2.176267 1.837921 1.603803 2.241252 6.486443 5.247662 
2.559369 3.497424 3.030301 6.438774 6.387034 2.904213 1.688832 2.237633 2.056036 0.284293 0.327786 0.298391 54.990066 40.036016 50.671528 14.790184 15.761899 33.049344 32.952568 35.915790 31.715384 24.386480 23.320949 1.980237 2.183975 2.061677 2.102674 6.416368 5.393454 
2.562370 3.310821 3.092042 5.326994 6.286658 2.781151 1.625560 2.134315 2.033460 0.295230 0.308910 0.299341 54.046377 40.546702 51.555905 13.338467 16.050149 31.548887 32.569894 33.220356 32.940169 23.771861 23.429376 1.599268 1.686150 2.054869 2.116851 6.442341 5.704893 
2.525573 3.263884 2.960607 5.526628 6.052403 2.301496 1.826711 1.911990 2.092433 0.336276 0.279106 0.330745 54.794232 41.101481 52.262798 12.731432 15.240598 38.470295 30.752491 35.242005 32.182334 24.205602 21.976656 1.775276 1.774979 2.091290 1.840704 5.192255 5.801634 
2.544370 3.267019 2.949447 5.854347 6.874867 2.226835 1.733706 1.862228 2.048420 0.358284 0.316868 0.285708 54.683402 42.946949 43.951021 13.675538 15.241219 36.851839 32.311466 36.628915 32.210741 24.364275 23.288472 1.773314 1.786504 1.551594 1.850520 6.110589 5.779486 
2.744932 3.333293 3.221467 6.566873 7.832787 2.389029 2.013327 1.880816 2.328587 0.290682 0.255133 0.320077 55.340973 42.537850 48.730516 13.697174 15.213259 32.159978 34.131188 34.545962 32.667907 20.813087 25.325777 1.880879 2.032376 1.782397 1.990314 5.507626 5.596602 
2.820254 3.358786 3.206320 7.257212 7.648344 2.403480 2.000000 1.877403 2.308983 0.286066 0.250686 0.315759 55.370625 41.771145 50.119264 12.499038 15.377264 31.253618 34.096296 34.246052 32.024778 20.578757 23.078842 2.034096 2.034946 1.767834 2.027615 5.533393 5.544977 
2.930162 3.495186 2.799915 5.632643 6.708637 2.501873 1.929914 1.905379 2.299985 0.262137 0.320939 0.286232 50.036701 41.949231 47.799274 12.458174 15.431828 35.216771 36.708535 36.600839 32.306522 24.171081 24.066646 1.951313 1.791585 1.572401 2.095554 5.873682 5.980236 
2.882699 3.595556 3.133174 5.690826 5.840179 2.325719 1.620074 2.066091 2.357513 0.275375 0.324770 0.303661 51.904633 41.462335 49.487635 12.615433 15.480817 34.639268 35.226021 36.740190 32.510413 24.825105 24.951941 1.930665 1.976359 1.577169 2.277112 6.232543 5.954492 
2.811940 3.283166 2.734127 6.084473 6.301333 2.191271 1.998206 1.956881 1.980960 0.365810 0.259888 0.254105 50.611397 46.201412 48.930187 12.975060 15.512201 33.853714 38.310837 33.771893 30.796528 20.556063 22.842665 2.189603 1.662700 1.599866 2.056259 5.730555 6.149145 
2.889863 3.194645 2.930318 5.922934 6.653703 2.344171 1.873327 1.699755 2.050189 0.289875 0.313294 0.320388 54.506394 41.705523 42.056132 13.034091 15.301185 35.896319 35.520156 34.779020 31.723438 24.805417 24.707649 1.830034 1.739686 1.768484 2.241206 6.405391 5.722949 
2.540547 3.092292 2.911781 5.858120 6.534421 2.253845 1.820786 1.761889 2.310130 0.293652 0.311980 0.285316 54.445149 41.542033 45.322508 13.146109 15.303188 36.203182 36.083933 36.264524 32.058173 25.298659 25.322476 1.938200 1.815666 1.582981 2.263210 6.203385 5.671893 
2.735176 3.512099 2.904084 5.624141 6.058021 2.396099 1.689386 1.751913 2.246916 0.270346 0.284140 0.293983 55.191356 41.520197 48.191738 14.174841 16.078834 35.563703 34.523490 35.549493 30.507819 21.933497 21.377695 2.079410 1.897018 2.014773 2.071996 6.232282 5.231488 
2.518288 3.588060 3.100730 5.593112 6.117849 2.409028 1.662954 1.742699 2.280867 0.273839 0.283840 0.292323 54.534501 42.531151 46.504643 14.164439 11.489943 36.223302 34.329096 36.181008 30.017723 21.147573 25.132941 1.961535 1.898619 1.940467 2.085438 6.261098 5.959474 
2.513850 3.427865 3.472759 5.580789 6.227702 2.340991 1.830342 1.923264 2.065187 0.290606 0.279763 0.302900 52.888622 41.935955 50.517593 13.376278 15.173080 31.522938 34.615456 34.724716 38.263954 24.346588 20.363169 1.966283 1.672675 1.860453 1.900908 5.258238 5.880842 
2.513850 3.427865 3.472759 5.580789 6.227702 2.340991 1.830342 1.923264 2.065187 0.290606 0.279763 0.302900 52.888622 41.935955 50.517593 13.376278 15.173080 31.522938 34.615456 34.724716 38.263954 24.346588 20.363169 1.966283 1.672675 1.860453 1.900908 5.258238 5.880842 
2.665718 3.270319 3.124413 5.825778 6.376394 2.229568 2.224038 1.892332 2.060991 0.318194 0.305068 0.319293 56.190605 41.963025 53.098802 12.546960 14.911502 35.440569 35.046027 36.032887 31.268120 23.814405 22.920290 1.976916 1.745013 1.769288 1.775820 6.566405 6.066434 
2.566151 3.277233 3.041058 5.478412 6.029568 2.265085 2.178223 1.855021 2.072863 0.340221 0.310560 0.299391 54.809557 42.272262 53.289014 12.632257 15.226003 35.303638 36.370636 36.492059 32.644579 23.826988 22.886789 1.988898 1.731636 1.529226 2.011354 5.242704 5.789784 
2.807008 3.331759 3.074610 5.505733 6.637637 2.292127 1.786368 1.745550 2.064086 0.290658 0.280581 0.292127 52.826568 43.705520 43.145179 15.901158 14.798092 34.899456 38.398862 34.894082 29.918624 24.158188 24.436303 2.220280 1.823164 1.629255 2.108540 6.634857 5.429822 
2.816165 3.309621 3.021952 5.350298 6.657705 2.178218 1.715419 1.901970 1.940539 0.295256 0.341772 0.277412 51.748373 42.430908 48.925009 12.879990 14.575040 35.792016 32.987845 36.062983 36.422150 24.278151 24.507325 2.074869 1.782648 1.779560 2.259055 6.275585 5.820838 
2.529276 3.476024 3.538960 5.351439 6.791011 2.342424 1.689590 2.073999 2.210725 0.353488 0.275298 0.266823 51.271378 42.036240 51.504467 15.271539 15.295172 34.062134 33.080826 36.048180 37.127811 24.631819 24.405178 2.095470 1.971936 1.793798 2.086750 6.387164 5.408648 
2.584694 3.356623 2.793620 6.164367 6.569841 3.201631 1.866015 1.767375 2.057787 0.306226 0.280004 0.301287 48.027905 46.266785 58.643764 13.722172 14.458372 33.202175 33.040390 32.469501 29.131817 21.074648 21.360468 1.581955 2.033066 2.091800 1.903183 5.550745 5.174566 
2.732536 3.292592 2.930828 6.033007 7.577214 2.224401 1.781627 1.773205 2.096724 0.318373 0.284114 0.304780 53.345118 41.292406 53.308925 15.824474 14.029580 36.422469 37.029776 32.226152 33.525096 21.209754 22.923039 1.986646 1.930247 1.961391 1.730353 6.175358 5.201032 
2.563482 3.333713 3.140428 5.685567 6.863372 2.214478 1.749127 1.851013 2.213241 0.289027 0.285899 0.308860 53.062928 41.492340 49.975616 14.514295 14.885566 35.051495 37.198061 32.195797 33.609924 20.605749 21.582551 1.991854 1.992889 1.782403 1.717573 5.805396 5.102183 
2.879100 3.216937 3.325797 6.009556 6.208034 2.282640 2.161125 1.676498 2.289261 0.354787 0.278209 0.263671 53.800348 40.825916 49.809920 10.965363 14.447437 32.871394 34.735301 36.810053 34.990561 24.166642 20.382363 1.944467 1.563023 2.072433 1.797776 5.408510 6.226141 
2.861851 3.234483 2.630482 5.968994 5.529168 2.326332 1.789190 1.863907 2.333090 0.291719 0.287807 0.252279 52.779222 41.318608 46.527246 12.962205 14.206592 40.794379 33.436475 37.142903 33.966905 20.492893 22.376794 2.125413 1.653297 2.126586 1.980700 5.370147 5.475992 
2.536944 3.344742 2.880278 6.082733 6.196255 2.779769 1.604204 1.818981 2.167688 0.286234 0.292516 0.303687 54.982733 43.489466 45.363019 13.387372 14.063180 33.437043 33.867916 35.215537 30.838652 21.441930 23.797228 1.805600 1.807904 2.116534 2.200333 5.482014 5.478258 
2.554470 3.457661 3.085761 5.308234 6.331350 2.646415 1.660211 1.818944 2.143277 0.283632 0.282563 0.301390 53.853124 43.186666 50.773318 11.083002 15.191384 33.239760 33.910456 34.262516 26.628598 19.105833 22.740578 1.834516 1.991971 2.124769 1.990145 5.361228 5.451361 
2.700292 2.687931 3.138350 5.628162 6.076076 2.598948 2.244487 1.875167 2.312599 0.274119 0.280640 0.322522 54.620211 46.289467 57.370767 13.796674 13.703292 32.911340 37.890470 34.159012 31.148101 24.268200 22.388988 2.214095 1.884911 1.611380 1.990203 5.744557 6.076717 
2.702605 3.446964 3.124748 5.492904 6.815051 2.233460 2.387695 1.864739 2.321420 0.295551 0.285023 0.312573 52.150632 45.863562 50.157636 14.001048 12.815154 32.913386 33.626090 35.885025 31.098957 22.096770 22.294985 2.097430 1.744473 1.698307 1.988906 5.701985 5.811187 
2.501168 3.526578 3.281117 7.017574 7.321694 2.316904 1.869717 1.752267 1.921343 0.285699 0.370930 0.299618 55.084505 42.285245 46.229229 11.166182 15.774833 34.177741 33.634557 36.956267 32.734250 23.043208 24.265681 2.190775 2.127343 1.797878 2.126333 5.197361 5.159804 
2.557211 3.314203 3.263846 6.745358 7.377078 2.369466 1.706016 1.911409 2.060967 0.277574 0.321727 0.314423 55.134112 43.813418 51.262504 12.084870 15.444352 33.317098 33.897957 33.856444 30.880596 19.442075 24.170200 1.950048 1.749702 1.798108 2.157857 5.234535 5.403345 
2.775041 3.268406 2.997519 5.407313 6.208488 2.209913 1.847988 1.881954 2.164888 0.282347 0.304864 0.286922 58.320614 42.430801 40.786121 13.397176 14.174233 34.683033 36.629440 39.092091 31.174149 25.381084 22.653690 1.809681 1.875948 1.807172 2.249913 5.251131 5.966390 
2.541517 3.383080 3.043693 6.347382 7.846709 2.257168 1.770606 1.895412 1.991993 0.295595 0.262458 0.317126 55.126965 41.007459 50.789122 15.693729 14.764823 30.884058 36.919318 31.088470 30.874414 24.585349 20.953753 2.175434 2.263247 1.854744 1.938925 5.585393 5.590249 
2.518263 3.406337 3.279712 6.089081 6.654649 2.170648 2.092857 1.896234 2.118792 0.292822 0.266995 0.310306 54.533158 42.113226 51.517934 12.990102 15.669179 30.939747 34.541806 32.197809 32.173126 21.886005 20.203439 2.177104 2.040662 1.815082 1.918316 5.659612 6.241923 
2.664623 3.305664 3.287901 5.937272 6.485169 2.241356 2.077686 1.889070 2.143509 0.371486 0.334509 0.275091 51.226242 42.642101 49.360764 13.188400 15.418834 35.702824 32.337337 33.941280 29.018257 20.332151 22.793940 2.258098 1.638070 1.644955 2.180128 5.531872 6.128285 
3.319483 3.321028 3.104717 5.737499 6.929565 2.224222 1.829085 1.942271 2.007163 0.286187 0.264323 0.312812 55.421561 45.638852 52.324926 11.905182 15.212783 31.804247 36.489678 35.157637 34.207300 24.394042 22.359036 2.218465 2.095890 1.760851 1.886124 5.770899 5.679938 
3.017053 3.281009 3.107715 5.761024 7.127315 2.205558 1.799610 1.940856 2.227694 0.344317 0.256192 0.298161 52.730623 45.906680 53.995208 13.626979 15.157423 31.671480 36.617230 35.752677 32.530408 22.834080 21.552662 1.885055 2.098029 1.893326 1.877778 5.672838 5.723129 
2.586455 3.374399 2.635470 6.212779 6.559350 3.151634 1.791438 1.747065 2.091425 0.289640 0.259152 0.303107 45.778577 48.019065 56.806543 13.602931 15.132939 33.453733 36.759650 33.270739 35.518270 24.892136 24.341034 1.664542 2.027717 2.069383 2.270876 4.717562 6.038300 
2.593313 3.373368 2.752290 5.896802 6.560190 2.585411 1.644029 1.769893 2.063244 0.312990 0.290980 0.290828 56.185814 46.428097 57.106327 13.642456 14.589991 32.548949 34.608535 32.527018 29.565444 22.606071 21.263355 1.898477 1.769197 2.079740 2.074530 5.141610 5.114284 
2.521422 3.186271 3.135556 5.760662 6.478719 2.310726 1.658656 1.987136 2.284735 0.305701 0.283798 0.318186 57.561539 40.464638 54.939835 11.127416 14.618171 31.052486 34.709435 35.744274 34.701908 23.967587 22.551720 1.811463 1.597639 1.972311 2.005584 5.292793 5.479943 
2.570593 3.594755 3.091584 5.566148 6.198908 2.401447 1.880088 1.716178 2.335626 0.287349 0.281515 0.292812 55.030357 43.019157 48.442585 14.061071 11.469280 35.040539 32.236691 35.903648 28.767262 21.444599 24.557898 2.092708 1.896065 1.622089 2.177933 6.272106 5.291745 
2.503705 3.324766 3.175888 6.021036 6.483290 2.259680 2.223422 1.991819 2.138653 0.350002 0.303030 0.279814 49.047277 43.703364 53.359801 11.601789 15.086427 36.506608 31.167788 36.039268 29.824275 22.651884 22.577199 2.068077 1.615843 1.627457 2.249152 5.535581 5.689245 
2.672564 3.160035 3.180820 5.807305 6.482231 2.251408 2.081887 1.892496 2.076472 0.371861 0.345075 0.292526 48.789089 43.435615 51.547466 12.842357 14.693905 37.920028 33.535110 34.124366 35.499875 24.501109 22.851984 1.697833 1.606587 1.707115 2.039120 5.320708 5.288941 
2.668748 3.159765 2.856622 6.069245 5.913873 2.330850 2.284340 2.035240 2.209319 0.325307 0.329602 0.261544 53.811727 43.205352 50.505280 13.179814 15.587717 36.839021 36.190606 36.495803 31.983240 21.544644 18.496271 2.063427 1.928287 1.620461 2.109154 6.797427 5.859310 
2.813605 3.153567 2.906111 6.012065 5.949947 2.327072 2.131848 1.620171 2.368252 0.349504 0.359059 0.268700 54.309825 43.796212 50.729598 11.689651 14.806718 37.295393 38.155779 36.717862 30.466275 21.145019 21.018292 2.031723 1.699107 1.745134 1.689246 5.444045 6.094532 
2.478152 3.318540 3.047069 5.777764 6.821547 2.224099 1.742208 1.938712 2.085670 0.288726 0.266414 0.295477 52.638965 41.424325 51.118014 16.236203 14.972608 34.196799 36.679702 33.369610 35.313938 23.885139 24.458377 2.083578 1.654434 1.968383 1.796232 5.987240 6.152165 
2.863529 3.337324 3.009824 5.640836 6.817499 2.221560 1.753593 1.856203 2.069628 0.262317 0.276742 0.288063 52.576784 41.221800 54.113254 15.284833 15.392406 37.810871 36.652819 33.910816 37.308748 23.587771 20.480194 1.968859 2.263054 1.629012 2.127589 6.390487 6.086092 
2.631321 3.194673 2.895255 5.349494 6.231573 2.284929 1.848644 1.906560 2.192486 0.286163 0.313228 0.293245 58.550334 42.532477 51.369422 13.396003 15.246538 33.115466 34.599073 38.417008 36.809250 24.628188 22.920009 1.927899 1.646520 1.882511 2.091166 5.248047 5.957098 
2.594692 3.432453 2.922020 5.467530 6.233728 2.210940 1.831200 1.897895 2.019824 0.291797 0.283847 0.295023 58.198158 42.459709 41.265847 13.390550 14.819439 36.241505 35.131976 33.195697 31.068072 23.934748 22.527064 1.928267 1.920295 1.817807 2.083624 5.251517 5.942724 
2.609734 3.329446 3.302595 5.842728 6.385063 2.308463 1.623056 1.845636 2.141464 0.327534 0.366848 0.316237 53.542781 43.006899 48.773051 12.193863 15.424591 34.248604 32.284230 36.378168 29.195427 23.682292 24.803139 2.094936 1.789094 1.690898 2.181349 5.486995 5.199776 
2.562859 3.397063 3.315631 5.951845 6.514728 2.306482 1.909708 1.611011 2.096113 0.282209 0.357428 0.265875 51.070798 42.432443 48.469850 13.438414 15.392155 33.821596 32.346019 37.096981 37.059935 22.160142 23.607673 2.080537 1.909813 1.745400 2.186051 5.385754 4.796088 
2.716334 3.351043 2.907598 5.776795 6.513732 2.725924 1.921644 2.000505 1.949514 0.285078 0.336090 0.272951 50.883953 43.840100 48.950459 13.086662 15.605072 33.264080 37.770532 34.123260 27.443864 20.528514 21.712507 1.727089 1.702084 1.574682 1.996688 6.097901 5.703928 
2.416221 3.265135 2.657660 5.785566 6.615049 2.538230 1.838933 1.813759 2.175395 0.357386 0.285693 0.288678 50.258882 47.169226 48.518040 12.996580 15.518825 34.247537 35.429763 33.646172 31.871500 20.170820 21.862775 1.862466 2.030631 2.068673 2.013290 5.876419 5.602913 
2.779217 3.312189 3.263949 6.365985 5.471925 2.583236 1.704373 1.710608 2.109208 0.260605 0.251415 0.316206 50.659843 41.833080 46.792515 11.725873 15.289813 35.161701 35.268673 32.975632 32.977531 23.069695 22.868120 1.972343 1.907992 1.863491 1.801080 6.668841 5.708196 
2.685762 3.260709 2.492040 6.138772 6.236019 2.229474 1.971017 1.952031 2.034807 0.309877 0.259632 0.228344 54.894707 45.057657 59.382415 13.416424 15.587215 33.606958 36.010586 34.959537 30.699146 23.661469 21.324043 2.246172 1.714763 1.683473 2.044085 5.741147 5.839238 
2.786313 3.311126 2.776720 6.012982 6.166285 2.466967 2.017589 2.124397 1.963660 0.358530 0.258746 0.286684 55.072163 44.046646 58.932928 13.528503 15.523388 34.102042 34.524771 33.996670 30.920690 22.071975 20.374430 2.232263 1.727947 1.664938 2.051099 5.766521 5.713648 
2.752503 3.263041 2.446568 6.070192 6.639812 2.265069 1.915704 2.222830 2.044840 0.286055 0.292232 0.271324 52.876820 46.657840 48.445567 12.684005 14.846275 33.018926 32.772045 36.573143 29.778027 21.644835 18.987348 2.061100 1.748067 1.717698 2.065123 5.672664 5.405880 
2.498895 3.353651 2.752471 6.082004 6.232697 2.276406 1.827618 1.935707 1.976055 0.290519 0.317282 0.272289 53.264482 43.032938 48.966924 13.387468 15.365301 34.464217 35.526494 34.386763 28.448702 22.517805 24.109983 2.093159 1.735680 1.590226 2.023876 5.817426 5.983771 
3.112573 3.351187 2.765497 6.140240 6.451886 2.463044 1.701299 1.677176 2.035876 0.279865 0.255178 0.303058 54.357248 40.222228 48.977003 12.060948 15.295831 36.028205 34.505347 36.220179 30.294396 23.996570 24.631572 1.771915 1.915144 1.856336 2.226381 6.078775 5.684171 
2.967581 3.370076 2.913130 6.149779 5.678777 2.343612 1.713153 1.780356 2.032569 0.281101 0.284801 0.303553 54.289855 40.988566 48.971228 12.834521 15.267548 36.098435 34.810645 37.833832 30.625075 24.482480 23.922971 2.160756 1.844017 1.868893 2.275255 4.968082 5.688498 
2.774490 3.188130 3.148445 6.176606 6.801943 2.631477 1.693527 1.729882 1.854653 0.289774 0.251406 0.274421 51.112826 41.797057 55.600320 13.372359 15.218299 33.286304 36.738729 34.811198 27.144398 23.436128 24.874645 2.016063 2.019779 2.068060 2.210154 6.559498 5.714532 
2.669062 3.358406 2.902597 6.164453 6.672414 2.666848 1.698079 1.684077 1.847974 0.280158 0.253345 0.276563 56.016144 41.798299 49.681204 13.439579 15.199969 35.309833 35.291214 34.450612 37.644097 24.363629 24.757148 2.015548 2.018849 1.956104 2.111599 6.406677 5.227706 
2.532307 3.321756 3.020642 5.741460 6.800787 2.220180 1.748430 1.885905 2.072875 0.295197 0.277510 0.301590 54.083447 41.205418 52.089569 15.874458 15.249171 30.959656 36.657429 32.201817 32.606197 23.886625 21.109365 1.993945 2.224685 1.895264 1.875311 5.455038 6.089098 
2.501995 3.398373 3.252784 6.851895 7.620244 2.390071 1.988309 1.901171 1.947489 0.292674 0.260353 0.314424 55.367073 42.156326 50.694931 12.775280 16.308834 30.905403 34.090313 34.670200 31.244343 20.528530 24.195448 2.155807 2.035847 1.840023 1.926766 5.713345 5.552507 
2.739991 3.538770 2.769347 6.249971 5.822301 2.267798 1.633350 1.987276 2.282211 0.325862 0.267433 0.313603 53.585536 42.136290 41.215266 12.102023 14.292461 33.020031 35.482530 34.676621 34.624425 22.940116 24.171799 1.809198 1.943238 2.107102 2.183331 6.125810 5.330828 
2.607871 3.569845 2.876015 6.223439 6.753265 2.240610 1.743632 1.735576 2.229711 0.305364 0.265078 0.317430 50.329326 42.073750 47.196786 13.048619 13.575436 33.189250 35.918909 36.255470 33.707362 22.931744 23.970076 1.823704 2.127437 1.524056 1.685268 5.474523 5.073417 
2.525909 3.112068 3.025149 6.265938 6.680935 2.669835 1.778957 1.693023 2.260764 0.369505 0.274907 0.323711 48.835476 46.880787 48.887928 14.821169 15.262102 38.257812 32.183647 35.988892 35.408566 18.139166 23.524590 1.908353 1.830705 1.693634 2.154856 6.392905 5.658557 
2.713860 3.179784 3.237275 5.368232 6.337982 2.312127 2.201719 2.056370 2.267711 0.319262 0.298312 0.303741 53.534592 43.075727 49.118480 11.134054 15.714197 33.257971 34.123459 36.907587 34.591049 21.862658 22.279649 2.112264 1.552975 1.608033 1.996886 4.834715 5.500640 
2.497638 3.169912 2.998492 5.520902 6.637934 2.313345 2.101908 2.035057 2.266076 0.325945 0.323025 0.309381 51.999252 41.447622 53.691761 11.580513 15.392182 33.938180 36.911643 36.403526 34.314092 24.260554 25.085221 1.674393 1.552643 2.136343 2.096589 5.375228 5.481220 
2.884880 3.282702 3.021935 6.063287 5.910414 2.403787 2.036481 2.058705 2.157687 0.346503 0.267806 0.261557 54.320466 44.987698 53.001825 11.491978 15.002553 35.777071 36.305101 36.683867 31.870597 21.844103 21.123231 2.040212 1.950413 1.675010 1.799506 4.839226 6.254880 
3.046919 3.296184 3.175564 5.835727 5.901486 2.305902 2.198627 1.744486 2.021496 0.348687 0.286179 0.335640 49.287927 43.270398 49.885577 13.427922 15.303479 36.001457 36.109421 36.558527 35.051380 21.409675 22.039980 1.963284 1.974079 1.622280 1.851156 6.091380 6.398848 
2.565248 3.454194 2.995892 5.357134 6.448338 2.656464 1.709688 1.790893 2.029103 0.282594 0.290975 0.301497 55.065550 43.962869 51.793821 16.178847 15.291989 31.804676 36.915753 29.749103 32.387663 23.141190 21.188926 1.916046 2.091497 2.043857 2.060829 5.575052 5.205142 
2.546833 3.580694 3.016900 5.630589 6.258201 2.948351 1.671845 1.876426 1.973952 0.296994 0.280656 0.301187 54.414122 45.533771 52.635724 14.200993 15.285427 32.937600 33.419408 31.426882 30.434795 22.708262 24.326930 2.106511 1.776567 1.953314 1.854537 5.441135 6.272263 
2.469534 3.295555 3.355512 5.609275 6.687178 2.776627 1.847657 1.976321 2.322861 0.277569 0.253441 0.314877 54.661926 44.245335 48.913704 13.058139 15.208823 31.789225 33.941086 35.550755 33.168060 23.969332 20.902281 2.071428 2.017300 1.740132 2.015908 5.624190 5.695269 
2.847450 3.222426 3.149222 5.575847 6.513938 2.284418 1.800162 1.646697 2.026507 0.280154 0.269028 0.308606 48.779939 43.104255 55.085473 15.565904 14.856908 36.065962 34.024566 35.232715 27.828565 23.707464 20.831206 1.836174 1.952300 1.668633 2.118182 6.392616 5.823324 
2.985768 3.281280 3.115365 5.836785 6.720384 2.483028 1.714210 1.635680 2.153711 0.299183 0.268661 0.307564 47.909359 40.507530 46.389151 15.046315 14.818501 35.806593 37.226445 34.193345 30.420050 18.537164 19.483937 1.798383 1.925379 1.673254 1.981935 5.709210 5.925000 
2.712639 3.337508 3.326176 5.656302 6.144057 2.429626 1.958915 2.133336 2.027614 0.295097 0.258162 0.319353 55.062279 44.404972 56.270912 13.572673 15.225956 31.862288 32.885273 35.724525 31.329582 23.003084 20.630646 2.230372 1.791382 1.682366 2.044538 5.767696 5.843761 
2.715620 3.301155 3.183953 6.044588 6.439428 2.330731 2.111718 1.811483 1.952157 0.280279 0.294654 0.290054 58.789652 42.195995 41.708954 12.666736 14.714317 34.939093 36.669601 38.263689 34.993045 25.363973 21.661294 1.636511 1.872627 1.590468 2.062138 4.989193 5.865695 
2.741045 3.265384 3.192840 5.987172 6.796519 2.311817 1.897954 1.865855 2.085415 0.280959 0.314004 0.279973 50.323117 40.747870 46.567478 13.694640 14.692673 34.741636 36.183142 34.473417 30.002323 25.037253 22.808636 1.842632 1.869266 1.648229 1.947861 5.248458 5.938702 
2.767824 3.336650 3.059684 6.368436 5.919722 2.234637 1.801379 1.744953 2.121454 0.292970 0.289534 0.292980 54.246228 51.745425 42.117283 14.095433 13.190561 34.636206 36.393025 35.939717 30.433687 24.217505 21.911045 1.864329 1.582271 1.908784 2.188715 6.515162 5.916448 
3.087521 3.014792 3.050568 6.200448 6.246457 2.562220 2.086133 1.718454 2.025882 0.282355 0.250636 0.297218 54.274142 41.951745 44.637452 12.916718 15.193942 33.225895 34.689488 35.948415 28.580805 24.184840 25.370079 1.815007 2.105308 1.903817 2.180299 6.623205 5.778522 
2.678228 3.298215 3.275209 6.296330 6.110774 2.583729 1.684522 1.844150 2.037062 0.293043 0.251758 0.308523 50.226332 41.754155 45.133567 11.895913 14.996875 32.817921 33.836721 30.398593 27.979662 19.924234 20.469285 1.778840 1.916740 2.065734 1.743346 6.389457 5.766550 
2.522813 3.338590 3.275170 5.390421 5.772455 2.576498 1.706784 1.695688 2.171841 0.292127 0.249913 0.304543 51.208952 41.378062 49.808456 12.298656 15.207229 31.535490 35.282561 33.797822 29.334876 17.157609 21.174419 1.966138 1.996848 1.885721 1.956044 6.746819 5.669764 
2.532307 3.321756 3.020642 5.741460 6.800787 2.220180 1.748430 1.885905 2.072875 0.295197 0.277510 0.301590 54.083447 41.205418 52.089569 15.874458 15.249171 30.959656 36.657429 32.201817 32.606197 23.886625 21.109365 1.993945 2.224685 1.895264 1.875311 5.455038 6.089098 
2.426690 3.406792 3.305095 5.775362 6.791217 2.241204 1.687624 1.629903 2.017304 0.293391 0.271799 0.294453 56.067139 41.532818 51.428360 13.239915 16.081600 34.892403 35.257832 36.456760 28.739305 23.602221 23.619968 2.200268 1.748068 2.189550 2.124852 5.092499 5.881709 
2.734392 3.348969 2.744362 6.106337 6.103109 2.238644 1.832545 2.021369 2.135914 0.284456 0.266466 0.270974 56.438440 41.137009 54.444219 13.233810 15.272540 39.276573 35.084540 36.424319 34.613118 22.603339 24.987547 2.073311 1.924290 1.561690 1.838435 6.684156 5.667619 
2.806595 3.441585 2.832174 5.843831 5.903605 2.278988 1.836646 2.292787 2.124641 0.296257 0.326105 0.272496 54.048618 41.888353 55.523447 13.229090 15.531482 32.067432 35.036115 37.079115 34.837756 23.004368 24.928667 1.994346 2.054154 1.665014 2.071844 5.518559 5.856173 
2.582924 3.426443 2.941214 5.993488 7.310857 2.299673 1.869573 2.009047 2.228376 0.300589 0.260377 0.320780 49.823288 41.507160 50.335012 11.909753 13.515636 35.386984 36.490597 35.379686 31.563693 22.421690 22.891311 2.276658 1.974905 1.713749 1.924727 6.135542 5.519660 
2.754482 3.590184 2.941393 5.778764 6.558848 2.796393 1.997469 2.064549 2.210466 0.270275 0.268130 0.322217 50.619007 44.826656 42.386360 12.644241 15.754755 36.046103 34.301868 35.346154 31.175002 23.280293 20.863880 1.797291 1.946784 1.645240 1.970576 5.523118 5.654324 
2.569324 3.598364 3.051833 5.343840 6.582789 2.327620 1.866483 1.648372 2.146923 0.333232 0.272213 0.303710 50.189426 45.534267 45.737045 14.779637 13.631894 35.098583 32.789886 37.455963 34.951740 21.709042 24.255527 1.939699 2.054134 1.845735 2.144237 5.824473 6.530076 
2.621664 3.494401 2.867503 6.565375 6.246319 2.228809 1.724782 1.923556 2.132787 0.271211 0.301190 0.319967 57.012914 45.577870 51.056773 15.144941 14.957962 35.196599 33.908490 36.706518 33.686616 21.146951 22.324456 1.985893 1.970156 1.830404 1.848070 6.117654 5.508987 
2.490016 3.436163 3.030290 5.430238 6.693813 2.215938 1.738904 1.932197 1.969295 0.288029 0.283569 0.317338 56.984813 41.611153 45.212034 13.600506 15.171633 36.274140 35.260870 35.677231 31.644082 21.378352 19.242775 2.246261 2.000958 1.548550 1.843578 5.574222 5.854809 
2.760134 3.324693 3.116998 5.644424 6.623163 2.216168 1.904294 1.880478 2.301151 0.291892 0.258292 0.274599 56.747261 42.184678 57.632378 14.929397 14.299282 32.779571 34.516557 36.927862 32.294130 21.269139 21.764788 1.828133 1.949746 2.024719 1.968080 5.325166 5.732913 
2.758531 3.363709 2.694961 5.563095 6.451044 2.302841 1.914263 1.868474 2.074590 0.304141 0.259562 0.310966 54.714546 43.775149 50.385912 15.020595 14.443393 33.002364 34.108132 35.026709 32.382236 21.631332 21.553019 1.673861 1.907120 1.855499 2.090174 5.677446 5.735306 
2.558341 3.207472 2.968050 5.809656 5.523272 2.228604 2.022667 1.742579 2.095527 0.291808 0.252301 0.309755 56.234179 41.656250 51.572307 11.425787 14.364761 33.063626 34.622046 35.769762 36.807544 19.645097 24.548473 2.015203 2.141190 1.812718 2.095711 5.455089 4.939866 
2.989966 3.201694 3.157531 5.833363 6.293562 2.570535 1.800517 1.713648 2.203992 0.292595 0.293550 0.309255 56.283851 41.551697 51.733333 12.873523 14.537184 33.047081 32.707379 37.223095 36.879950 25.235467 24.089465 2.010378 2.117851 1.818862 2.160316 5.558784 5.997376 
2.533130 3.299306 3.423265 5.500529 6.387536 2.319829 1.670464 1.806195 2.068599 0.288119 0.299530 0.300856 54.652325 43.093195 43.777753 12.953477 15.164461 36.984514 30.760903 35.197933 32.574493 25.390954 23.050285 1.804525 1.766103 2.120765 2.254614 5.660582 5.472955 
2.539342 3.219248 2.818462 5.400502 6.882319 2.281338 1.655415 1.854212 2.069280 0.293253 0.298924 0.296892 54.465873 43.340001 43.926637 11.459579 15.493226 36.425456 31.777370 35.168279 32.147552 21.738999 23.580231 1.895388 1.790053 1.972864 2.191433 5.533550 5.156926 
2.513850 3.427865 3.472759 5.580789 6.227702 2.340991 1.830342 1.923264 2.065187 0.290606 0.279763 0.302900 52.888622 41.935955 50.517593 13.376278 15.173080 31.522938 34.615456 34.724716 38.263954 24.346588 20.363169 1.966283 1.672675 1.860453 1.900908 5.258238 5.880842 
2.714466 3.397735 3.308461 5.914945 7.656645 2.564955 1.704311 1.979047 1.947272 0.283255 0.255378 0.318746 54.900434 59.132651 52.286463 12.651560 15.931694 31.774961 33.544194 35.340641 31.253657 19.350695 23.984782 1.921329 1.980596 1.910812 2.091436 6.521336 5.888235 
2.545916 3.390829 3.471572 6.900845 7.058040 2.464882 1.683087 1.791099 1.957875 0.286777 0.264836 0.286731 55.325354 45.246090 51.116663 13.072468 13.669344 36.682428 32.605813 35.378161 31.248400 21.421751 23.983471 2.116980 1.754438 1.839213 1.995766 6.103753 5.023463 
2.705818 3.549132 2.839889 5.611554 5.841140 2.228574 1.654792 2.008471 2.297216 0.290076 0.269101 0.256687 57.038718 40.371801 48.221416 12.438816 14.294851 33.035248 32.991245 38.205540 32.808234 22.528529 21.911457 1.822266 1.917920 2.091229 2.256606 5.534067 5.810492 
2.933371 3.146740 2.853644 5.520935 6.394592 2.199335 1.918066 1.831754 2.326893 0.299728 0.271649 0.331633 56.593429 44.214810 59.127363 14.517374 14.820493 33.083358 33.133315 35.148381 32.479790 22.572226 22.008357 1.580997 1.779933 1.822499 2.240676 5.118990 5.822024 
2.484047 3.335312 3.063047 5.872216 7.316432 2.590152 1.730723 1.799935 2.094040 0.304419 0.311652 0.311376 55.816467 40.843527 53.985987 13.079593 14.730045 33.565976 33.860391 33.608430 30.215726 19.851138 22.972051 2.057129 1.879140 1.806135 2.057078 6.261210 4.881313 
2.570628 3.396285 2.969908 5.908824 6.248907 2.634349 1.684780 1.809772 2.094415 0.288746 0.307151 0.294930 59.636897 40.749166 50.653704 13.022697 15.651998 35.097444 33.391621 32.804008 27.865711 21.420735 21.215649 1.709011 2.023191 1.881472 1.947152 5.973500 5.587023 
2.561437 3.378805 3.477112 6.690995 6.899326 2.362622 2.100714 2.001803 1.945784 0.277415 0.332628 0.316364 56.108899 42.430208 50.636994 12.702697 14.036744 30.975768 32.607487 31.264645 32.047177 21.971212 23.771799 2.164259 2.036733 1.918472 2.084157 5.488399 5.568089 
2.478596 3.226865 3.266061 6.157459 7.628916 2.314681 2.043916 2.030559 1.949720 0.292460 0.337630 0.302890 56.206855 42.175247 50.570039 12.667913 13.223477 31.365732 32.298560 33.760142 32.940746 23.105551 23.735660 2.143362 1.886617 1.761462 2.228699 5.521721 5.525809 
2.802892 3.293662 2.634651 5.794562 6.209656 2.359324 2.012306 1.933326 1.983289 0.302209 0.269940 0.330227 54.364223 40.804768 49.501202 13.176232 15.273133 31.591751 37.791477 34.238167 36.799667 18.981554 21.685196 2.194871 1.663002 1.912336 2.024097 5.353865 6.180863 
2.433414 3.565253 2.827092 5.411442 5.900070 2.339881 1.624321 2.042350 2.335143 0.295495 0.274472 0.331364 55.800766 43.648952 50.732918 13.485011 14.644664 33.074043 32.881710 33.987251 33.251453 22.546301 21.863401 1.984937 1.776748 1.748862 2.164789 6.413357 5.934988 
2.662017 3.327933 3.097225 5.636800 6.458107 2.313024 1.994867 1.774791 1.980065 0.316173 0.315981 0.303380 56.509526 43.239450 42.109190 11.419996 15.024227 34.507412 31.408398 36.504109 29.003222 23.413705 19.883593 1.898697 1.773572 1.821337 2.110998 5.991502 5.393275 
2.654121 3.355911 3.103553 5.717963 5.920246 2.339311 1.970378 1.789682 1.991205 0.325101 0.354648 0.280217 53.175852 44.403890 51.067364 12.452565 15.026631 34.456099 31.740465 36.490444 29.549074 22.546872 18.938992 2.172843 1.805206 1.620955 2.147566 5.668586 5.670746 
2.663133 3.380294 2.947506 5.802583 5.817129 2.218216 2.158917 1.887988 1.987623 0.313435 0.259832 0.335197 53.584095 40.995209 52.382004 13.858819 15.255176 31.689449 36.906769 37.224422 28.733088 24.109440 22.280197 2.159725 2.115671 1.564632 1.978291 5.169501 6.064878 
2.819663 3.178828 3.121846 6.192044 6.995659 2.171525 1.745048 1.675532 1.850097 0.279097 0.248454 0.258555 48.506590 45.263504 48.926330 12.827645 15.500697 33.159806 29.828183 33.134948 34.122742 20.767166 23.887161 2.264109 1.699640 1.565645 2.064117 5.727986 6.153443 
2.546856 3.091381 2.582001 6.163443 6.989994 2.332413 1.700953 1.694684 2.379780 0.285992 0.253988 0.251845 56.864454 43.848881 53.208358 12.844395 15.385088 33.085683 35.786264 35.523581 32.721991 20.033247 23.761402 2.021342 1.660753 1.809790 2.074462 5.723320 5.280535 
2.609114 3.312325 3.197527 5.497103 6.054362 2.299969 1.696475 1.730697 2.355755 0.288232 0.285189 0.305508 53.312812 41.334818 51.222674 12.877032 15.098692 31.467012 34.759356 32.864354 32.151079 24.166062 23.837867 2.007307 2.157920 2.169055 2.136203 5.335752 4.999147 
2.598361 3.101760 3.211731 5.866653 5.758453 2.329414 1.692861 1.876187 2.308485 0.299760 0.284792 0.302609 52.482623 43.627274 52.876379 12.910569 15.257098 33.402487 35.032368 36.797123 34.335962 24.133527 23.913327 1.964948 2.108050 2.226517 2.191083 5.269282 6.103056 
2.512174 3.476261 2.913138 5.955918 6.232990 2.711926 1.899842 1.818801 2.167639 0.295303 0.275570 0.303269 55.585999 41.530319 55.494400 15.806156 14.425637 32.370754 33.803101 33.829906 28.239061 17.254906 23.159126 1.830529 1.989872 2.031980 2.041690 5.378188 5.647411 
2.666386 3.355027 3.190629 5.682316 6.718997 2.368736 1.791672 2.015309 2.033415 0.282220 0.299849 0.296042 53.529101 44.029449 52.588636 12.717986 15.369436 31.764323 34.668329 32.813717 32.233767 21.932539 21.895125 1.981263 2.068039 1.859282 2.003946 5.432514 5.657644 
2.575148 3.328805 3.230286 6.355871 6.460857 2.232905 1.836249 2.202534 2.298659 0.288075 0.335023 0.289247 54.481059 44.687634 51.991705 13.217598 15.996048 31.517053 32.236438 36.020152 32.351139 20.998153 21.317587 2.220842 2.126095 1.745563 2.159875 6.335609 5.761562 
2.501995 3.398373 3.252784 6.851895 7.620244 2.390071 1.988309 1.901171 1.947489 0.292674 0.260353 0.314424 55.367073 42.156326 50.694931 12.775280 16.308834 30.905403 34.090313 34.670200 31.244343 20.528530 24.195448 2.155807 2.035847 1.840023 1.926766 5.713345 5.552507 
2.500920 3.493029 2.985579 5.511603 6.179315 2.693061 1.634312 1.756537 2.042974 0.267986 0.319086 0.309339 55.340147 43.318463 51.524365 13.014842 16.064220 32.767692 37.832835 37.299570 28.962886 22.190302 23.187055 1.739941 1.999876 1.886062 1.946745 5.866661 5.762029 
2.766377 3.471546 2.994553 6.221402 6.757169 2.743703 2.069085 1.788304 1.984226 0.258362 0.296120 0.304993 54.864515 44.093012 51.274901 11.743281 15.252699 32.762195 38.978348 37.415266 29.958339 21.884155 22.600390 1.591409 2.088219 1.959942 1.894563 5.803450 5.552676 
2.453013 3.449171 2.995189 5.284207 6.324898 2.624993 2.073294 1.906449 2.192501 0.278616 0.320251 0.301042 50.962088 43.191154 51.012020 14.619791 15.795805 32.569800 31.865107 36.192028 30.161081 20.925130 23.626281 1.869775 1.668876 2.141887 1.827537 6.744567 6.190761 
2.467812 3.435243 3.249762 5.305311 6.181038 2.208702 1.644845 1.928596 2.004364 0.272690 0.320461 0.302739 51.367946 45.059682 50.864689 14.604252 15.509495 32.804015 32.696050 37.448721 30.207321 22.129738 23.796107 2.100332 1.777443 2.024829 2.019658 6.286618 5.899959 
2.947267 3.216538 2.811005 6.154541 5.845224 2.330879 2.047531 2.184541 2.210832 0.352227 0.274951 0.309447 56.188762 43.655483 51.750834 12.930979 14.564205 37.764324 32.139866 33.572093 32.922739 21.470274 22.002603 1.960940 1.869561 1.742250 1.953941 4.706556 6.636157 
2.894073 3.205490 2.801544 6.016988 5.899233 2.331835 2.256019 1.784160 1.903163 0.308996 0.274484 0.280409 56.256102 43.548245 50.525093 13.568870 14.566665 37.884654 33.808666 35.876087 33.566270 21.168302 22.200347 1.980473 1.795455 1.743334 2.183414 5.728792 6.611338 
2.708755 3.386160 2.540631 6.031758 6.805261 2.864500 1.745364 1.757003 2.109587 0.343529 0.259851 0.310422 55.764954 42.385726 49.625378 12.450866 15.671001 36.205867 38.282491 38.554809 33.438335 22.246806 22.199469 1.767417 2.062531 1.826965 2.123776 5.338243 6.007824 
2.693695 3.344455 3.238049 5.986923 6.483784 2.599585 1.640618 1.758831 2.126641 0.322897 0.283493 0.312663 55.811522 42.342358 49.927654 13.654489 15.482610 34.389203 37.167179 37.890107 29.589786 21.321652 23.087723 1.871395 2.027350 1.800367 1.832021 4.992167 6.007195 
2.465423 3.417346 2.955202 6.713845 6.610039 2.423444 1.987311 1.721248 1.948581 0.288703 0.299917 0.312950 54.490902 47.161041 50.549308 13.281746 15.390671 32.765949 34.415694 33.191503 30.315893 20.400109 22.296800 2.221009 1.986537 1.922209 1.994235 5.715778 5.725557 
2.450137 3.406948 3.388601 6.691797 6.823082 2.379788 1.984950 1.879107 2.004469 0.293119 0.280882 0.330172 54.452133 47.912235 50.752789 12.811214 15.440290 38.093451 28.813888 32.668593 32.278374 21.149565 22.830164 2.209192 2.143265 1.769148 1.820899 5.715720 6.349462 
2.552440 3.510005 3.257297 5.767032 6.489067 2.815630 1.745498 1.710534 2.195935 0.293363 0.281953 0.302026 55.476113 41.487237 49.645676 15.856614 15.913887 32.568027 36.384249 32.673187 36.146965 24.935781 23.172796 1.944555 1.980139 2.078320 2.145566 5.645962 6.050761 
2.499156 3.393810 2.860103 5.780012 6.172815 2.281144 1.922153 1.706988 2.117065 0.295841 0.280002 0.287136 55.556059 41.256612 55.056627 14.395186 15.118661 32.116728 34.066575 33.451614 30.480042 18.793459 23.246845 1.836190 1.934972 2.085084 2.240583 5.111035 5.948890 
2.489738 3.344667 3.239656 5.308138 6.688398 2.577863 1.680949 1.803123 2.266391 0.290729 0.312135 0.308151 51.949184 41.304577 50.133453 13.060002 14.936138 32.617966 33.519108 31.140528 27.611326 18.051804 21.089037 1.784218 1.967976 2.037908 1.938365 6.460071 5.559402 
2.583775 3.352445 3.210520 5.501801 6.634894 2.342775 1.790886 1.818474 2.201993 0.276145 0.276729 0.301610 52.917564 44.018877 49.067816 12.397821 15.196093 35.637084 36.830969 34.540063 29.017440 23.821711 21.485786 1.878854 2.190730 1.553710 2.157770 5.889588 5.557688 
2.598296 3.373008 3.206978 6.030756 6.591844 2.259990 1.648705 1.918333 1.987182 0.289492 0.272995 0.294077 51.812442 40.098211 46.096562 13.907533 14.969530 31.020687 36.198516 35.212108 31.022139 25.231163 22.899984 1.711312 1.881201 1.584695 1.963118 6.721329 5.741902 
2.513238 3.335828 3.100983 5.312957 6.442234 2.634733 1.658088 1.758169 2.311008 0.298655 0.302154 0.321690 58.893308 42.884821 49.223248 11.777374 15.269337 32.097769 34.192183 36.618275 28.573829 22.561851 24.379185 1.607077 1.700079 1.974307 1.985294 6.655273 5.485155 
2.547610 3.112517 3.021179 5.433230 6.131729 2.769377 1.659217 1.760398 2.102135 0.295413 0.309921 0.302897 56.484115 41.251821 51.603929 14.536149 15.248858 31.192729 34.925438 36.750744 31.190230 22.414925 23.195740 1.784747 1.820857 2.025933 2.135313 6.150422 5.472815 
2.717317 3.355744 3.022804 6.637454 6.461233 2.515151 2.073294 1.952085 2.288920 0.293572 0.281909 0.268975 50.558173 46.111730 45.041559 13.310189 15.503055 35.931592 32.414177 27.115645 29.146597 20.689416 24.268151 1.786342 1.623489 1.631826 2.135798 6.090268 5.566077 
2.624775 3.251404 3.238281 6.239638 6.464660 2.737479 2.065505 1.865586 2.210430 0.343570 0.312653 0.329890 51.307506 45.036213 49.927840 14.401542 15.533192 35.200499 32.427413 34.377862 32.839026 19.540838 17.095872 2.272582 1.558821 1.610054 2.012063 6.339003 6.423604 
2.627876 3.529813 3.031450 5.315381 6.085257 2.892824 1.660157 1.719190 2.024231 0.290270 0.320346 0.288576 55.137463 44.390698 50.626528 14.149787 14.886181 33.065622 33.086596 34.276444 33.203237 22.450857 21.120621 2.014102 1.835414 1.852787 2.136853 6.413741 5.451202 
2.581399 3.557555 2.983164 5.385488 6.249128 3.125432 1.616913 1.925272 2.347650 0.277559 0.312405 0.308376 54.645986 44.590010 50.961697 14.971541 15.479488 32.822579 33.085116 36.361932 32.687069 22.501078 22.206996 1.929489 1.763798 2.144839 2.100282 6.364719 5.906108 
2.640266 2.894559 3.443733 5.753671 6.671981 2.312296 1.719472 1.708138 2.333559 0.298855 0.316329 0.312253 48.574304 42.164450 47.804424 13.360445 15.789391 35.142993 35.594282 35.841840 29.048392 23.795144 24.250551 1.970253 1.772134 2.273930 2.188728 5.641146 5.754751 
2.435292 3.416851 2.848898 5.796472 6.713586 2.298583 1.668945 1.709989 2.345566 0.298021 0.359764 0.296170 49.736755 44.938974 51.007701 12.936257 16.061785 34.039900 36.739980 36.157411 34.722274 23.781635 24.216423 2.050734 1.843398 1.524489 2.131354 5.379713 5.902813 
2.485475 3.105742 3.170576 5.809801 6.055309 2.854386 1.977115 1.890597 2.234635 0.295034 0.277488 0.314610 56.743057 43.502838 56.227983 16.296312 14.359088 32.990401 33.811714 34.832330 30.624875 21.793945 23.662141 1.632394 1.986768 2.072055 1.947481 5.323182 5.974130 
2.596822 3.032654 2.836564 6.019671 6.181245 2.977154 1.949133 1.921510 2.079161 0.297456 0.277030 0.304515 56.032893 42.116734 52.670484 13.336781 14.479549 33.228904 33.131407 33.915005 30.548034 22.505737 17.825601 1.870571 2.215618 2.012909 1.675652 5.231310 5.889491 
2.786470 3.348517 3.055429 5.975445 5.982250 2.495405 2.035513 1.949358 2.096651 0.294266 0.289091 0.313473 54.399753 41.906477 47.460345 13.510172 14.768050 32.394991 39.051027 35.332961 28.080011 21.833321 22.931946 2.246399 1.927664 1.914787 2.054361 5.532766 5.404350 
2.655240 3.277118 3.216186 5.976636 6.221614 2.437213 1.829709 1.893968 1.958512 0.308254 0.269677 0.314735 54.040796 40.535531 49.050451 13.584918 14.362411 33.914064 33.126035 35.336149 33.175293 23.838925 22.707793 1.999874 1.755762 2.164109 2.025854 5.598835 5.352792 
2.569879 3.567914 3.349675 6.044815 6.614774 2.326792 1.620588 1.800616 2.058815 0.287817 0.256309 0.303147 52.304235 43.661489 54.910043 13.905104 15.365782 31.118500 34.233106 35.560278 35.745647 24.352578 17.966960 1.993800 1.839139 1.754390 2.121140 4.794232 5.408911 
2.597498 3.231159 3.281120 5.320050 6.950299 2.338778 1.678920 1.880465 1.944488 0.271599 0.370907 0.297473 54.440194 42.991965 44.093168 13.695758 15.264405 34.747150 34.316875 35.581221 30.120957 19.678833 18.354899 2.120216 1.851266 1.771179 2.217068 6.681492 5.868514 
2.459640 3.078968 2.810809 5.636493 5.900053 2.504195 1.852295 2.080129 2.288852 0.293751 0.276902 0.322986 54.907254 43.545224 50.664384 12.556600 14.670049 32.516881 31.112678 35.416743 29.326919 23.217282 21.537835 2.228412 1.775353 1.706955 2.165504 6.061043 5.875145 
2.636433 3.179670 2.806907 5.852348 5.809941 2.510906 1.635449 2.158952 2.247362 0.296350 0.274335 0.311533 54.043016 44.533796 50.700393 13.387946 14.643020 34.771954 29.775718 36.230454 34.705923 23.421949 21.484228 2.215630 1.576065 1.783744 2.151430 6.765499 6.069255 
2.994855 3.495967 3.186138 5.644504 6.939429 2.199677 1.637921 1.881764 2.290525 0.279189 0.279953 0.298928 49.646241 42.972754 49.244822 14.225275 15.456850 32.705648 36.144462 33.714678 32.173018 24.239987 24.030667 1.849150 2.196540 1.642337 2.123570 6.286235 5.929455 
2.692347 3.342601 3.260186 5.281332 7.002705 2.425606 1.616369 1.854420 2.293108 0.294438 0.293119 0.299488 52.840255 43.167141 48.448802 13.087445 15.448583 33.426695 33.780050 38.821738 29.879346 24.090425 24.014010 1.901127 2.209235 2.043176 2.134382 5.763855 5.898875 
2.850882 3.206318 3.149170 6.182855 6.313159 2.478185 2.212612 1.695951 2.055271 0.321108 0.279697 0.269744 53.756950 40.587289 51.596544 15.429409 15.020440 34.686282 35.575035 36.601984 32.308397 21.478574 20.538050 2.021064 1.727671 1.702036 1.861688 5.287955 6.407919 
2.872933 3.213226 2.984007 5.970213 6.034124 2.416046 1.819036 1.816454 2.022835 0.366858 0.279476 0.278795 53.724498 40.178986 52.030049 12.435589 15.448643 36.997089 35.188783 36.605095 38.020669 21.440876 20.495985 1.905365 1.730008 1.879901 1.936425 5.058079 5.854262 
2.556902 3.421428 2.937562 5.843971 6.707216 2.223004 1.709308 1.686955 1.977964 0.291122 0.283090 0.305137 52.546004 41.730213 47.319732 14.101100 14.865359 33.733204 36.042056 31.291113 33.258885 21.191904 24.018431 2.180929 1.825264 1.802138 2.149231 5.955301 5.533139 
2.400212 3.402725 3.283065 5.984732 6.829238 2.800842 2.085629 1.686607 2.045204 0.289686 0.280549 0.314509 55.756357 42.484788 50.593512 14.664108 15.748062 31.822007 36.125730 33.766034 28.023134 23.167392 18.798761 1.801957 1.800290 1.535831 2.020575 5.482084 5.901083 
2.450725 3.414049 2.946482 6.417813 6.441942 2.269358 1.953401 1.754582 1.989449 0.362505 0.326011 0.274371 57.252281 47.119801 50.471931 13.145974 15.308370 35.901443 29.294819 32.939716 26.436453 21.012997 22.910702 2.206893 1.617315 1.590922 2.169317 5.844649 6.214431 
2.865410 3.570648 3.206114 5.594315 6.394694 2.264546 1.944093 1.872907 2.288841 0.302134 0.322433 0.317206 52.751976 43.532058 50.537974 13.380394 14.866510 34.267143 36.324526 36.078611 32.350515 24.481663 23.380382 1.985642 1.904641 1.822523 1.932478 6.045053 6.106647 
2.861859 3.241089 2.920119 5.551451 6.141864 2.348955 1.925303 2.004530 2.359860 0.301836 0.322052 0.300405 54.886799 41.114488 54.450333 13.504274 15.478970 33.051266 36.343168 36.511243 32.676010 23.420970 24.152977 1.984216 2.012628 1.590215 2.077821 6.188542 6.216152 
2.721262 3.270092 3.221439 6.692333 7.050436 2.332422 1.991873 1.719248 2.374313 0.292795 0.250576 0.319584 52.095215 44.132660 52.385078 14.230639 14.048990 36.102577 33.770142 34.779919 31.085794 19.702019 21.658689 1.975640 1.913695 1.551841 1.983459 6.056283 5.853943 
2.539254 3.387906 3.189998 5.671602 6.418634 2.415492 1.660761 1.836604 2.305335 0.288927 0.318974 0.301943 53.946789 43.462863 48.603506 11.988263 15.566008 33.740104 34.087730 35.263110 30.318637 21.805680 24.590013 2.016747 1.660214 1.667600 2.142883 5.759060 4.984584 
2.615728 3.363116 3.208870 5.604770 6.439168 2.325072 1.644898 1.819884 1.932923 0.289841 0.320600 0.298796 53.769518 43.488118 42.967047 12.365934 15.514430 33.823448 34.484631 36.525129 33.256723 21.698422 21.849223 2.022064 1.767038 1.698246 2.178305 5.752879 5.258103 
2.583501 3.383564 3.122766 6.514967 7.006664 2.214386 1.656524 1.828285 2.336049 0.276900 0.280132 0.273622 54.434536 44.168465 54.030449 14.534536 15.148755 32.582255 31.811822 34.712121 35.804693 20.896974 23.872459 1.793205 2.022547 2.030911 2.084319 6.413735 5.492871 
2.584059 3.531615 3.108823 6.416487 7.027423 2.498717 1.695538 1.680482 2.224513 0.286280 0.333233 0.308473 54.834265 42.499645 54.337415 15.148230 15.146680 32.724477 30.459867 36.258390 28.142366 19.971945 23.861525 1.743942 2.069998 2.063671 2.075762 6.265259 5.296737 
2.744052 3.188607 3.028746 5.613065 6.110016 2.201583 1.924085 1.812808 2.063396 0.303297 0.317367 0.279705 54.475289 45.601389 53.155435 12.205467 13.924997 32.380499 35.589599 36.676386 32.033856 22.335269 22.546979 1.937011 1.888407 1.955941 2.238691 6.821295 5.576727 
2.625073 3.213443 3.104695 5.624336 5.917802 2.215177 2.004805 1.782951 2.047723 0.309878 0.314184 0.265984 58.423704 45.231671 52.509840 13.140507 14.834089 33.556023 35.227316 36.604909 32.469474 22.425944 18.073578 2.133398 2.025615 1.740361 2.263589 6.546443 5.627269 
2.512174 3.476261 2.913138 5.955918 6.232990 2.711926 1.899842 1.818801 2.167639 0.295303 0.275570 0.303269 55.585999 41.530319 55.494400 15.806156 14.425637 32.370754 33.803101 33.829906 28.239061 17.254906 23.159126 1.830529 1.989872 2.031980 2.041690 5.378188 5.647411 
2.672261 3.553640 2.856424 5.808470 7.202531 2.690405 1.800553 1.723883 2.163818 0.308554 0.366807 0.313275 47.659528 42.163209 47.269181 12.135797 14.682319 31.435812 37.500105 35.451253 29.644847 24.267062 22.958774 1.891882 1.888701 1.653479 2.252407 5.688347 5.946192 
2.534921 3.488150 3.075667 5.839827 6.425938 2.627018 1.793073 1.747243 2.389677 0.364875 0.326526 0.312768 57.505517 43.350906 48.014257 13.567707 14.265127 35.853910 37.741271 35.220975 29.638828 24.225263 23.383340 1.912736 1.876710 1.748016 2.176277 5.625542 5.705313 
2.532939 3.348682 3.017965 5.816111 6.744881 2.191923 1.776104 1.959009 2.083943 0.295604 0.300138 0.298800 54.089976 41.984549 44.762405 13.183084 15.244938 31.612395 32.684907 34.015516 31.958931 24.536206 20.288510 2.071010 1.845049 1.969477 2.002163 5.395103 5.908397 
2.532286 3.246953 2.985270 5.939845 6.764872 2.230931 1.741210 1.764259 2.068886 0.294888 0.315554 0.300471 54.560870 41.447411 54.225050 13.424780 15.248566 36.795426 28.926952 33.454096 32.097109 23.879552 21.202666 1.848282 1.714263 2.017628 2.133637 5.313609 5.779200 
2.581801 3.555699 2.918825 5.677043 6.881690 2.383201 1.862257 1.732241 2.326103 0.289676 0.364046 0.292907 55.294646 46.323505 49.190703 15.447817 14.073204 35.069490 31.700803 37.093080 33.708350 21.705831 24.253411 1.945231 1.776996 1.797266 2.216062 6.092861 6.357966 
2.516178 3.563456 2.866320 5.371778 6.738029 2.641719 1.867015 1.664301 2.126306 0.278677 0.296953 0.294646 48.552344 42.944530 44.991267 13.749170 14.050695 35.127203 31.306986 37.953575 35.026666 21.704594 24.266250 1.961197 1.988999 1.772461 2.252904 5.730194 6.555864 
2.876848 3.576501 3.193322 6.316010 6.501964 2.282725 1.670149 1.860114 2.107117 0.283391 0.303337 0.308147 52.903998 42.344997 47.248114 15.931071 15.795683 35.624295 34.444995 36.436869 26.599255 19.887832 22.296111 2.074411 1.633300 1.843894 2.235701 5.730146 5.099674 
2.889053 3.432858 3.215295 5.807597 6.232156 2.327375 1.801263 1.860978 2.272660 0.278024 0.300071 0.301696 53.323678 43.213021 47.503565 13.601770 15.504370 36.243667 33.879161 36.045375 33.547998 22.359778 22.462326 1.993642 1.637058 2.159849 2.109103 5.765107 5.272295 
2.533007 3.258533 2.947795 5.284380 6.754840 2.280662 1.773967 1.723465 2.089594 0.296125 0.304432 0.297857 54.557175 42.664612 42.113419 13.318060 15.240354 36.456696 31.325638 35.210686 31.996944 24.462746 23.244152 1.791666 1.773501 2.069501 2.231894 5.352878 5.649917 
