# distance  frequency (bands are separated by blank lines)
# End points of segments: 
#   0.00000000 0.18270580 0.28819100 0.49916150 
0.000000 0.000000
0.001827 -0.018306
0.003654 -0.036212
0.005481 -0.053307
0.007308 -0.069154
0.009135 -0.083272
0.010962 -0.095105
0.012789 -0.103983
0.014616 -0.109026
0.016443 -0.108974
0.018271 -0.101713
0.020098 -0.082648
0.021925 -0.028858
0.023752 0.090396
0.025579 0.143966
0.027406 0.193371
0.029233 0.242368
0.031060 0.292155
0.032887 0.343236
0.034714 0.395842
0.036541 0.450077
0.038368 0.505975
0.040195 0.563531
0.042022 0.622714
0.043849 0.683479
0.045676 0.745772
0.047503 0.809531
0.049331 0.874688
0.051158 0.941174
0.052985 1.008919
0.054812 1.077849
0.056639 1.147893
0.058466 1.218976
0.060293 1.291028
0.062120 1.363976
0.063947 1.437748
0.065774 1.512275
0.067601 1.587487
0.069428 1.663317
0.071255 1.739697
0.073082 1.816560
0.074909 1.893843
0.076736 1.971482
0.078563 2.049413
0.080391 2.127577
0.082218 2.205911
0.084045 2.284357
0.085872 2.362856
0.087699 2.441352
0.089526 2.519787
0.091353 2.598106
0.093180 2.676254
0.095007 2.754177
0.096834 2.831822
0.098661 2.909135
0.100488 2.986064
0.102315 3.062557
0.104142 3.138562
0.105969 3.214029
0.107796 3.288905
0.109623 3.363141
0.111450 3.436684
0.113278 3.509484
0.115105 3.581489
0.116932 3.652647
0.118759 3.722908
0.120586 3.792217
0.122413 3.860523
0.124240 3.927772
0.126067 3.993909
0.127894 4.058878
0.129721 4.122625
0.131548 4.185091
0.133375 4.246218
0.135202 4.305947
0.137029 4.364217
0.138856 4.420967
0.140683 4.476134
0.142511 4.529653
0.144338 4.581459
0.146165 4.631486
0.147992 4.679666
0.149819 4.725932
0.151646 4.770215
0.153473 4.812446
0.155300 4.852557
0.157127 4.890478
0.158954 4.926143
0.160781 4.959483
0.162608 4.990435
0.164435 5.018935
0.166262 5.044924
0.168089 5.068345
0.169916 5.089145
0.171743 5.107275
0.173570 5.122693
0.175398 5.135360
0.177225 5.145247
0.179052 5.152326
0.180879 5.156582
0.182706 5.158001

0.182706 5.158001
0.183761 5.158012
0.184815 5.158046
0.185870 5.158102
0.186925 5.158182
0.187980 5.158285
0.189035 5.158414
0.190090 5.158569
0.191145 5.158752
0.192199 5.158964
0.193254 5.159207
0.194309 5.159484
0.195364 5.159796
0.196419 5.160145
0.197474 5.160535
0.198529 5.160967
0.199583 5.161445
0.200638 5.161971
0.201693 5.162549
0.202748 5.163181
0.203803 5.163871
0.204858 5.164621
0.205912 5.165436
0.206967 5.166317
0.208022 5.167269
0.209077 5.168295
0.210132 5.169398
0.211187 5.170581
0.212242 5.171847
0.213296 5.173199
0.214351 5.174641
0.215406 5.176175
0.216461 5.177804
0.217516 5.179531
0.218571 5.181357
0.219626 5.183287
0.220681 5.185320
0.221735 5.187460
0.222790 5.189709
0.223845 5.192067
0.224900 5.194537
0.225955 5.197119
0.227010 5.199814
0.228064 5.202622
0.229119 5.205545
0.230174 5.208582
0.231229 5.211732
0.232284 5.214996
0.233339 5.218372
0.234394 5.221859
0.235448 5.225456
0.236503 5.229161
0.237558 5.232972
0.238613 5.236886
0.239668 5.240900
0.240723 5.245012
0.241778 5.249218
0.242832 5.253513
0.243887 5.257895
0.244942 5.262357
0.245997 5.266896
0.247052 5.271506
0.248107 5.276181
0.249162 5.280915
0.250216 5.285703
0.251271 5.290537
0.252326 5.295411
0.253381 5.300317
0.254436 5.305247
0.255491 5.310194
0.256545 5.315149
0.257600 5.320103
0.258655 5.325048
0.259710 5.329973
0.260765 5.334871
0.261820 5.339731
0.262875 5.344542
0.263929 5.349295
0.264984 5.353978
0.266039 5.358581
0.267094 5.363094
0.268149 5.367504
0.269204 5.371800
0.270259 5.375970
0.271313 5.380003
0.272368 5.383887
0.273423 5.387609
0.274478 5.391158
0.275533 5.394521
0.276588 5.397685
0.277643 5.400639
0.278697 5.403370
0.279752 5.405866
0.280807 5.408114
0.281862 5.410101
0.282917 5.411815
0.283972 5.413245
0.285027 5.414378
0.286081 5.415202
0.287136 5.415704
0.288191 5.415875

0.288191 5.415875
0.290301 5.415171
0.292410 5.413002
0.294520 5.409282
0.296630 5.403930
0.298739 5.396871
0.300849 5.388035
0.302959 5.377359
0.305069 5.364785
0.307178 5.350263
0.309288 5.333749
0.311398 5.315206
0.313507 5.294603
0.315617 5.271919
0.317727 5.247134
0.319837 5.220239
0.321946 5.191228
0.324056 5.160102
0.326166 5.126864
0.328275 5.091526
0.330385 5.054102
0.332495 5.014608
0.334605 4.973067
0.336714 4.929502
0.338824 4.883940
0.340934 4.836411
0.343043 4.786945
0.345153 4.735575
0.347263 4.682337
0.349372 4.627266
0.351482 4.570399
0.353592 4.511775
0.355702 4.451433
0.357811 4.389414
0.359921 4.325759
0.362031 4.260510
0.364140 4.193712
0.366250 4.125409
0.368360 4.055645
0.370470 3.984467
0.372579 3.911923
0.374689 3.838061
0.376799 3.762931
0.378908 3.686584
0.381018 3.609072
0.383128 3.530448
0.385237 3.450768
0.387347 3.370087
0.389457 3.288464
0.391566 3.205958
0.393676 3.122629
0.395786 3.038541
0.397896 2.953758
0.400005 2.868345
0.402115 2.782371
0.404225 2.695905
0.406334 2.609020
0.408444 2.521788
0.410554 2.434287
0.412664 2.346594
0.414773 2.258789
0.416883 2.170955
0.418993 2.083177
0.421102 1.995541
0.423212 1.908138
0.425322 1.821061
0.427432 1.734402
0.429541 1.648261
0.431651 1.562735
0.433761 1.477929
0.435870 1.393946
0.437980 1.310892
0.440090 1.228879
0.442200 1.148015
0.444309 1.068413
0.446419 0.990188
0.448529 0.913453
0.450638 0.838321
0.452748 0.764905
0.454858 0.693311
0.456967 0.623641
0.459077 0.555987
0.461187 0.490421
0.463296 0.426988
0.465406 0.365685
0.467516 0.306419
0.469626 0.248924
0.471735 0.192538
0.473845 0.135455
0.475955 0.070254
0.478064 -0.063302
0.480174 -0.096402
0.482284 -0.108157
0.484393 -0.109304
0.486503 -0.103489
0.488613 -0.092668
0.490723 -0.078131
0.492832 -0.060846
0.494942 -0.041608
0.497052 -0.021112
0.499161 -0.000000


0.000000 -0.000000
0.001827 0.075912
0.003654 0.151802
0.005481 0.227647
0.007308 0.303425
0.009135 0.379112
0.010962 0.454688
0.012789 0.530130
0.014616 0.605415
0.016443 0.680523
0.018271 0.755431
0.020098 0.830118
0.021925 0.904563
0.023752 0.978745
0.025579 1.052643
0.027406 1.126238
0.029233 1.199508
0.031060 1.272434
0.032887 1.344996
0.034714 1.417176
0.036541 1.488953
0.038368 1.560310
0.040195 1.631228
0.042022 1.701688
0.043849 1.771673
0.045676 1.841165
0.047503 1.910146
0.049331 1.978599
0.051158 2.046508
0.052985 2.113855
0.054812 2.180623
0.056639 2.246796
0.058466 2.312358
0.060293 2.377293
0.062120 2.441583
0.063947 2.505213
0.065774 2.568168
0.067601 2.630431
0.069428 2.691986
0.071255 2.752818
0.073082 2.812911
0.074909 2.872250
0.076736 2.930818
0.078563 2.988601
0.080391 3.045582
0.082218 3.101747
0.084045 3.157081
0.085872 3.211567
0.087699 3.265192
0.089526 3.317941
0.091353 3.369799
0.093180 3.420751
0.095007 3.470783
0.096834 3.519882
0.098661 3.568034
0.100488 3.615226
0.102315 3.661445
0.104142 3.706679
0.105969 3.750916
0.107796 3.794144
0.109623 3.836353
0.111450 3.877533
0.113278 3.917675
0.115105 3.956769
0.116932 3.994807
0.118759 4.031783
0.120586 4.067689
0.122413 4.102520
0.124240 4.136271
0.126067 4.168938
0.127894 4.200518
0.129721 4.231008
0.131548 4.260408
0.133375 4.288715
0.135202 4.315932
0.137029 4.342059
0.138856 4.367097
0.140683 4.391049
0.142511 4.413919
0.144338 4.435710
0.146165 4.456428
0.147992 4.476077
0.149819 4.494663
0.151646 4.512192
0.153473 4.528670
0.155300 4.544104
0.157127 4.558501
0.158954 4.571867
0.160781 4.584210
0.162608 4.595535
0.164435 4.605851
0.166262 4.615163
0.168089 4.623476
0.169916 4.630798
0.171743 4.637132
0.173570 4.642484
0.175398 4.646857
0.177225 4.650255
0.179052 4.652680
0.180879 4.654134
0.182706 4.654618

0.182706 4.654618
0.183761 4.655073
0.184815 4.656435
0.185870 4.658702
0.186925 4.661869
0.187980 4.665931
0.189035 4.670880
0.190090 4.676706
0.191145 4.683398
0.192199 4.690943
0.193254 4.699327
0.194309 4.708533
0.195364 4.718545
0.196419 4.729342
0.197474 4.740904
0.198529 4.753210
0.199583 4.766235
0.200638 4.779956
0.201693 4.794345
0.202748 4.809375
0.203803 4.825018
0.204858 4.841244
0.205912 4.858021
0.206967 4.875318
0.208022 4.893102
0.209077 4.911337
0.210132 4.929988
0.211187 4.949018
0.212242 4.968391
0.213296 4.988068
0.214351 5.008008
0.215406 5.028171
0.216461 5.048516
0.217516 5.069001
0.218571 5.089581
0.219626 5.110213
0.220681 5.130850
0.221735 5.151448
0.222790 5.171960
0.223845 5.192337
0.224900 5.212532
0.225955 5.232497
0.227010 5.252182
0.228064 5.271538
0.229119 5.290517
0.230174 5.309070
0.231229 5.327149
0.232284 5.344708
0.233339 5.361700
0.234394 5.378084
0.235448 5.393816
0.236503 5.408860
0.237558 5.423180
0.238613 5.436745
0.239668 5.449529
0.240723 5.461509
0.241778 5.472668
0.242832 5.482997
0.243887 5.492488
0.244942 5.501143
0.245997 5.508968
0.247052 5.515974
0.248107 5.522179
0.249162 5.527605
0.250216 5.532280
0.251271 5.536233
0.252326 5.539499
0.253381 5.542117
0.254436 5.544125
0.255491 5.545565
0.256545 5.546480
0.257600 5.546913
0.258655 5.546907
0.259710 5.546506
0.260765 5.545751
0.261820 5.544686
0.262875 5.543349
0.263929 5.541780
0.264984 5.540016
0.266039 5.538093
0.267094 5.536046
0.268149 5.533905
0.269204 5.531702
0.270259 5.529465
0.271313 5.527221
0.272368 5.524993
0.273423 5.522807
0.274478 5.520682
0.275533 5.518638
0.276588 5.516693
0.277643 5.514864
0.278697 5.513165
0.279752 5.511609
0.280807 5.510208
0.281862 5.508973
0.282917 5.507912
0.283972 5.507033
0.285027 5.506342
0.286081 5.505844
0.287136 5.505544
0.288191 5.505444

0.288191 5.505444
0.290301 5.505847
0.292410 5.507054
0.294520 5.509046
0.296630 5.511789
0.298739 5.515233
0.300849 5.519313
0.302959 5.523948
0.305069 5.529043
0.307178 5.534490
0.309288 5.540162
0.311398 5.545921
0.313507 5.551612
0.315617 5.557064
0.317727 5.562090
0.319837 5.566485
0.321946 5.570029
0.324056 5.572482
0.326166 5.573590
0.328275 5.573082
0.330385 5.570675
0.332495 5.566078
0.334605 5.558999
0.336714 5.549152
0.338824 5.536273
0.340934 5.520127
0.343043 5.500526
0.345153 5.477337
0.347263 5.450489
0.349372 5.419979
0.351482 5.385867
0.353592 5.348265
0.355702 5.307331
0.357811 5.263251
0.359921 5.216227
0.362031 5.166468
0.364140 5.114181
0.366250 5.059563
0.368360 5.002798
0.370470 4.944055
0.372579 4.883489
0.374689 4.821237
0.376799 4.757426
0.378908 4.692166
0.381018 4.625557
0.383128 4.557688
0.385237 4.488639
0.387347 4.418482
0.389457 4.347284
0.391566 4.275102
0.393676 4.201991
0.395786 4.128000
0.397896 4.053177
0.400005 3.977562
0.402115 3.901197
0.404225 3.824118
0.406334 3.746362
0.408444 3.667960
0.410554 3.588946
0.412664 3.509349
0.414773 3.429199
0.416883 3.348524
0.418993 3.267350
0.421102 3.185704
0.423212 3.103610
0.425322 3.021093
0.427432 2.938176
0.429541 2.854881
0.431651 2.771231
0.433761 2.687246
0.435870 2.602946
0.437980 2.518352
0.440090 2.433482
0.442200 2.348355
0.444309 2.262987
0.446419 2.177395
0.448529 2.091596
0.450638 2.005604
0.452748 1.919434
0.454858 1.833100
0.456967 1.746616
0.459077 1.659993
0.461187 1.573244
0.463296 1.486379
0.465406 1.399409
0.467516 1.312343
0.469626 1.225192
0.471735 1.137964
0.473845 1.050666
0.475955 0.963307
0.478064 0.875893
0.480174 0.788431
0.482284 0.700926
0.484393 0.613386
0.486503 0.525814
0.488613 0.438217
0.490723 0.350598
0.492832 0.262963
0.494942 0.175315
0.497052 0.087660
0.499161 -0.000000


0.000000 0.000000
0.001827 0.123193
0.003654 0.246345
0.005481 0.369415
0.007308 0.492362
0.009135 0.615145
0.010962 0.737724
0.012789 0.860058
0.014616 0.982105
0.016443 1.103827
0.018271 1.225181
0.020098 1.346128
0.021925 1.466628
0.023752 1.586641
0.025579 1.706127
0.027406 1.825046
0.029233 1.943360
0.031060 2.061028
0.032887 2.178013
0.034714 2.294275
0.036541 2.409775
0.038368 2.524476
0.040195 2.638340
0.042022 2.751328
0.043849 2.863403
0.045676 2.974528
0.047503 3.084665
0.049331 3.193778
0.051158 3.301831
0.052985 3.408787
0.054812 3.514609
0.056639 3.619263
0.058466 3.722712
0.060293 3.824922
0.062120 3.925856
0.063947 4.025482
0.065774 4.123764
0.067601 4.220669
0.069428 4.316162
0.071255 4.410210
0.073082 4.502781
0.074909 4.593842
0.076736 4.683361
0.078563 4.771307
0.080391 4.857648
0.082218 4.942356
0.084045 5.025400
0.085872 5.106752
0.087699 5.186385
0.089526 5.264271
0.091353 5.340386
0.093180 5.414706
0.095007 5.487207
0.096834 5.557870
0.098661 5.626674
0.100488 5.693602
0.102315 5.758638
0.104142 5.821770
0.105969 5.882986
0.107796 5.942278
0.109623 5.999640
0.111450 6.055069
0.113278 6.108564
0.115105 6.160130
0.116932 6.209770
0.118759 6.257496
0.120586 6.303318
0.122413 6.347252
0.124240 6.389318
0.126067 6.429535
0.127894 6.467930
0.129721 6.504529
0.131548 6.539363
0.133375 6.572465
0.135202 6.603869
0.137029 6.633613
0.138856 6.661736
0.140683 6.688277
0.142511 6.713279
0.144338 6.736784
0.146165 6.758835
0.147992 6.779475
0.149819 6.798747
0.151646 6.816695
0.153473 6.833360
0.155300 6.848784
0.157127 6.863007
0.158954 6.876067
0.160781 6.888001
0.162608 6.898845
0.164435 6.908630
0.166262 6.917387
0.168089 6.925145
0.169916 6.931929
0.171743 6.937762
0.173570 6.942663
0.175398 6.946649
0.177225 6.949735
0.179052 6.951932
0.180879 6.953246
0.182706 6.953684

0.182706 6.953684
0.183761 6.953481
0.184815 6.952871
0.185870 6.951856
0.186925 6.950438
0.187980 6.948620
0.189035 6.946406
0.190090 6.943801
0.191145 6.940810
0.192199 6.937440
0.193254 6.933698
0.194309 6.929593
0.195364 6.925133
0.196419 6.920329
0.197474 6.915191
0.198529 6.909731
0.199583 6.903961
0.200638 6.897896
0.201693 6.891548
0.202748 6.884935
0.203803 6.878071
0.204858 6.870974
0.205912 6.863661
0.206967 6.856152
0.208022 6.848466
0.209077 6.840623
0.210132 6.832647
0.211187 6.824559
0.212242 6.816383
0.213296 6.808145
0.214351 6.799868
0.215406 6.791581
0.216461 6.783312
0.217516 6.775089
0.218571 6.766942
0.219626 6.758902
0.220681 6.751002
0.221735 6.743275
0.222790 6.735754
0.223845 6.728474
0.224900 6.721472
0.225955 6.714784
0.227010 6.708447
0.228064 6.702497
0.229119 6.696974
0.230174 6.691913
0.231229 6.687351
0.232284 6.683326
0.233339 6.679870
0.234394 6.677018
0.235448 6.674801
0.236503 6.673246
0.237558 6.672378
0.238613 6.672219
0.239668 6.672786
0.240723 6.674090
0.241778 6.676140
0.242832 6.678936
0.243887 6.682476
0.244942 6.686748
0.245997 6.691737
0.247052 6.697423
0.248107 6.703778
0.249162 6.710771
0.250216 6.718364
0.251271 6.726519
0.252326 6.735190
0.253381 6.744330
0.254436 6.753889
0.255491 6.763817
0.256545 6.774061
0.257600 6.784566
0.258655 6.795280
0.259710 6.806148
0.260765 6.817118
0.261820 6.828138
0.262875 6.839157
0.263929 6.850124
0.264984 6.860992
0.266039 6.871715
0.267094 6.882247
0.268149 6.892546
0.269204 6.902570
0.270259 6.912281
0.271313 6.921641
0.272368 6.930616
0.273423 6.939172
0.274478 6.947279
0.275533 6.954908
0.276588 6.962030
0.277643 6.968622
0.278697 6.974661
0.279752 6.980124
0.280807 6.984994
0.281862 6.989253
0.282917 6.992885
0.283972 6.995878
0.285027 6.998220
0.286081 6.999902
0.287136 7.000915
0.288191 7.001253

0.288191 7.001253
0.290301 6.999893
0.292410 6.995807
0.294520 6.989008
0.296630 6.979534
0.298739 6.967446
0.300849 6.952823
0.302959 6.935766
0.305069 6.916391
0.307178 6.894831
0.309288 6.871231
0.311398 6.845750
0.313507 6.818556
0.315617 6.789832
0.317727 6.759767
0.319837 6.728563
0.321946 6.696430
0.324056 6.663589
0.326166 6.630269
0.328275 6.596706
0.330385 6.563142
0.332495 6.529818
0.334605 6.496969
0.336714 6.464815
0.338824 6.433553
0.340934 6.403338
0.343043 6.374277
0.345153 6.346419
0.347263 6.319741
0.349372 6.294153
0.351482 6.269501
0.353592 6.245573
0.355702 6.222114
0.357811 6.198841
0.359921 6.175455
0.362031 6.151651
0.364140 6.127135
0.366250 6.101622
0.368360 6.074848
0.370470 6.046568
0.372579 6.016560
0.374689 5.984625
0.376799 5.950587
0.378908 5.914291
0.381018 5.875603
0.383128 5.834408
0.385237 5.790611
0.387347 5.744134
0.389457 5.694912
0.391566 5.642899
0.393676 5.588058
0.395786 5.530368
0.397896 5.469816
0.400005 5.406401
0.402115 5.340128
0.404225 5.271013
0.406334 5.199076
0.408444 5.124343
0.410554 5.046848
0.412664 4.966625
0.414773 4.883714
0.416883 4.798159
0.418993 4.710003
0.421102 4.619295
0.423212 4.526084
0.425322 4.430420
0.427432 4.332356
0.429541 4.231943
0.431651 4.129236
0.433761 4.024291
0.435870 3.917161
0.437980 3.807904
0.440090 3.696577
0.442200 3.583237
0.444309 3.467943
0.446419 3.350755
0.448529 3.231732
0.450638 3.110936
0.452748 2.988430
0.454858 2.864276
0.456967 2.738538
0.459077 2.611283
0.461187 2.482576
0.463296 2.352485
0.465406 2.221078
0.467516 2.088427
0.469626 1.954601
0.471735 1.819672
0.473845 1.683716
0.475955 1.546805
0.478064 1.409015
0.480174 1.270422
0.482284 1.131105
0.484393 0.991141
0.486503 0.850609
0.488613 0.709589
0.490723 0.568162
0.492832 0.426408
0.494942 0.284408
0.497052 0.142245
0.499161 -0.000000


0.000000 8.350683
0.001827 8.350903
0.003654 8.351564
0.005481 8.352663
0.007308 8.354198
0.009135 8.356167
0.010962 8.358564
0.012789 8.361385
0.014616 8.364625
0.016443 8.368276
0.018271 8.372330
0.020098 8.376780
0.021925 8.381616
0.023752 8.386829
0.025579 8.392408
0.027406 8.398343
0.029233 8.404621
0.031060 8.411230
0.032887 8.418158
0.034714 8.425392
0.036541 8.432919
0.038368 8.440724
0.040195 8.448794
0.042022 8.457114
0.043849 8.465671
0.045676 8.474449
0.047503 8.483434
0.049331 8.492611
0.051158 8.501966
0.052985 8.511485
0.054812 8.521152
0.056639 8.530953
0.058466 8.540875
0.060293 8.550904
0.062120 8.561025
0.063947 8.571226
0.065774 8.581494
0.067601 8.591815
0.069428 8.602177
0.071255 8.612569
0.073082 8.622979
0.074909 8.633395
0.076736 8.643807
0.078563 8.654204
0.080391 8.664577
0.082218 8.674915
0.084045 8.685210
0.085872 8.695452
0.087699 8.705633
0.089526 8.715746
0.091353 8.725782
0.093180 8.735734
0.095007 8.745595
0.096834 8.755359
0.098661 8.765019
0.100488 8.774568
0.102315 8.784002
0.104142 8.793315
0.105969 8.802501
0.107796 8.811554
0.109623 8.820471
0.111450 8.829246
0.113278 8.837875
0.115105 8.846352
0.116932 8.854674
0.118759 8.862835
0.120586 8.870832
0.122413 8.878661
0.124240 8.886317
0.126067 8.893795
0.127894 8.901092
0.129721 8.908204
0.131548 8.915126
0.133375 8.921854
0.135202 8.928384
0.137029 8.934712
0.138856 8.940833
0.140683 8.946744
0.142511 8.952441
0.144338 8.957919
0.146165 8.963175
0.147992 8.968204
0.149819 8.973003
0.151646 8.977567
0.153473 8.981893
0.155300 8.985978
0.157127 8.989817
0.158954 8.993407
0.160781 8.996746
0.162608 8.999830
0.164435 9.002656
0.166262 9.005221
0.168089 9.007523
0.169916 9.009560
0.171743 9.011330
0.173570 9.012830
0.175398 9.014060
0.177225 9.015018
0.179052 9.015703
0.180879 9.016114
0.182706 9.016251

0.182706 9.016251
0.183761 9.016465
0.184815 9.017105
0.185870 9.018171
0.186925 9.019662
0.187980 9.021577
0.189035 9.023912
0.190090 9.026667
0.191145 9.029837
0.192199 9.033419
0.193254 9.037410
0.194309 9.041806
0.195364 9.046600
0.196419 9.051789
0.197474 9.057367
0.198529 9.063328
0.199583 9.069664
0.200638 9.076371
0.201693 9.083440
0.202748 9.090863
0.203803 9.098634
0.204858 9.106743
0.205912 9.115181
0.206967 9.123940
0.208022 9.133010
0.209077 9.142380
0.210132 9.152041
0.211187 9.161982
0.212242 9.172192
0.213296 9.182658
0.214351 9.193369
0.215406 9.204311
0.216461 9.215473
0.217516 9.226839
0.218571 9.238396
0.219626 9.250128
0.220681 9.262019
0.221735 9.274051
0.222790 9.286208
0.223845 9.298469
0.224900 9.310813
0.225955 9.323219
0.227010 9.335660
0.228064 9.348109
0.229119 9.360536
0.230174 9.372907
0.231229 9.385184
0.232284 9.397322
0.233339 9.409271
0.234394 9.420973
0.235448 9.432362
0.236503 9.443362
0.237558 9.453885
0.238613 9.463835
0.239668 9.473104
0.240723 9.481585
0.241778 9.489167
0.242832 9.495756
0.243887 9.501281
0.244942 9.505705
0.245997 9.509028
0.247052 9.511296
0.248107 9.512581
0.249162 9.512983
0.250216 9.512609
0.251271 9.511569
0.252326 9.509966
0.253381 9.507893
0.254436 9.505434
0.255491 9.502661
0.256545 9.499636
0.257600 9.496412
0.258655 9.493035
0.259710 9.489543
0.260765 9.485971
0.261820 9.482349
0.262875 9.478702
0.263929 9.475054
0.264984 9.471425
0.266039 9.467835
0.267094 9.464300
0.268149 9.460837
0.269204 9.457459
0.270259 9.454181
0.271313 9.451014
0.272368 9.447972
0.273423 9.445064
0.274478 9.442303
0.275533 9.439698
0.276588 9.437258
0.277643 9.434993
0.278697 9.432911
0.279752 9.431021
0.280807 9.429330
0.281862 9.427846
0.282917 9.426575
0.283972 9.425523
0.285027 9.424697
0.286081 9.424102
0.287136 9.423742
0.288191 9.423621

0.288191 9.423621
0.290301 9.424110
0.292410 9.425590
0.294520 9.428068
0.296630 9.431539
0.298739 9.435980
0.300849 9.441354
0.302959 9.447600
0.305069 9.454634
0.307178 9.462343
0.309288 9.470579
0.311398 9.479151
0.313507 9.487818
0.315617 9.496277
0.317727 9.504154
0.319837 9.511001
0.321946 9.516303
0.324056 9.519511
0.326166 9.520111
0.328275 9.517713
0.330385 9.512137
0.332495 9.503446
0.334605 9.491903
0.336714 9.477892
0.338824 9.461833
0.340934 9.444121
0.343043 9.425101
0.345153 9.405063
0.347263 9.384242
0.349372 9.362827
0.351482 9.340973
0.353592 9.318805
0.355702 9.296425
0.357811 9.273917
0.359921 9.251352
0.362031 9.228789
0.364140 9.206276
0.366250 9.183855
0.368360 9.161562
0.370470 9.139427
0.372579 9.117474
0.374689 9.095726
0.376799 9.074200
0.378908 9.052911
0.381018 9.031872
0.383128 9.011092
0.385237 8.990579
0.387347 8.970340
0.389457 8.950379
0.391566 8.930698
0.393676 8.911301
0.395786 8.892187
0.397896 8.873358
0.400005 8.854812
0.402115 8.836547
0.404225 8.818564
0.406334 8.800859
0.408444 8.783431
0.410554 8.766278
0.412664 8.749398
0.414773 8.732790
0.416883 8.716451
0.418993 8.700383
0.421102 8.684583
0.423212 8.669053
0.425322 8.653794
0.427432 8.638806
0.429541 8.624094
0.431651 8.609660
0.433761 8.595509
0.435870 8.581645
0.437980 8.568076
0.440090 8.554807
0.442200 8.541846
0.444309 8.529203
0.446419 8.516887
0.448529 8.504908
0.450638 8.493277
0.452748 8.482005
0.454858 8.471105
0.456967 8.460590
0.459077 8.450473
0.461187 8.440766
0.463296 8.431485
0.465406 8.422641
0.467516 8.414250
0.469626 8.406325
0.471735 8.398878
0.473845 8.391924
0.475955 8.385474
0.478064 8.379541
0.480174 8.374136
0.482284 8.369269
0.484393 8.364951
0.486503 8.361190
0.488613 8.357994
0.490723 8.355370
0.492832 8.353323
0.494942 8.351858
0.497052 8.350977
0.499161 8.350684


0.000000 8.350684
0.001827 8.351523
0.003654 8.354037
0.005481 8.358217
0.007308 8.364048
0.009135 8.371509
0.010962 8.380574
0.012789 8.391210
0.014616 8.403380
0.016443 8.417044
0.018271 8.432155
0.020098 8.448663
0.021925 8.466516
0.023752 8.485655
0.025579 8.506024
0.027406 8.527560
0.029233 8.550201
0.031060 8.573883
0.032887 8.598540
0.034714 8.624107
0.036541 8.650518
0.038368 8.677708
0.040195 8.705612
0.042022 8.734164
0.043849 8.763302
0.045676 8.792964
0.047503 8.823088
0.049331 8.853615
0.051158 8.884488
0.052985 8.915650
0.054812 8.947047
0.056639 8.978626
0.058466 9.010338
0.060293 9.042133
0.062120 9.073964
0.063947 9.105786
0.065774 9.137556
0.067601 9.169231
0.069428 9.200772
0.071255 9.232140
0.073082 9.263296
0.074909 9.294204
0.076736 9.324829
0.078563 9.355137
0.080391 9.385092
0.082218 9.414662
0.084045 9.443814
0.085872 9.472514
0.087699 9.500729
0.089526 9.528427
0.091353 9.555574
0.093180 9.582135
0.095007 9.608075
0.096834 9.633360
0.098661 9.657951
0.100488 9.681812
0.102315 9.704902
0.104142 9.727182
0.105969 9.748609
0.107796 9.769141
0.109623 9.788734
0.111450 9.807342
0.113278 9.824919
0.115105 9.841419
0.116932 9.856797
0.118759 9.871007
0.120586 9.884006
0.122413 9.895753
0.124240 9.906210
0.126067 9.915344
0.127894 9.923128
0.129721 9.929543
0.131548 9.934578
0.133375 9.938232
0.135202 9.940515
0.137029 9.941450
0.138856 9.941073
0.140683 9.939433
0.142511 9.936596
0.144338 9.932637
0.146165 9.927648
0.147992 9.921730
0.149819 9.914999
0.151646 9.907576
0.153473 9.899591
0.155300 9.891181
0.157127 9.882483
0.158954 9.873637
0.160781 9.864785
0.162608 9.856061
0.164435 9.847598
0.166262 9.839523
0.168089 9.831955
0.169916 9.825002
0.171743 9.818766
0.173570 9.813334
0.175398 9.808782
0.177225 9.805175
0.179052 9.802562
0.180879 9.800980
0.182706 9.800450

0.182706 9.800450
0.183761 9.800389
0.184815 9.800205
0.185870 9.799898
0.186925 9.799470
0.187980 9.798919
0.189035 9.798246
0.190090 9.797452
0.191145 9.796537
0.192199 9.795502
0.193254 9.794347
0.194309 9.793073
0.195364 9.791681
0.196419 9.790172
0.197474 9.788546
0.198529 9.786806
0.199583 9.784952
0.200638 9.782985
0.201693 9.780907
0.202748 9.778720
0.203803 9.776425
0.204858 9.774024
0.205912 9.771520
0.206967 9.768914
0.208022 9.766209
0.209077 9.763407
0.210132 9.760512
0.211187 9.757527
0.212242 9.754454
0.213296 9.751298
0.214351 9.748064
0.215406 9.744754
0.216461 9.741375
0.217516 9.737932
0.218571 9.734431
0.219626 9.730878
0.220681 9.727282
0.221735 9.723650
0.222790 9.719993
0.223845 9.716320
0.224900 9.712645
0.225955 9.708982
0.227010 9.705347
0.228064 9.701757
0.229119 9.698237
0.230174 9.694810
0.231229 9.691507
0.232284 9.688363
0.233339 9.685421
0.234394 9.682728
0.235448 9.680344
0.236503 9.678337
0.237558 9.676785
0.238613 9.675777
0.239668 9.675411
0.240723 9.675789
0.241778 9.677010
0.242832 9.679163
0.243887 9.682309
0.244942 9.686480
0.245997 9.691664
0.247052 9.697811
0.248107 9.704838
0.249162 9.712640
0.250216 9.721100
0.251271 9.730102
0.252326 9.739535
0.253381 9.749297
0.254436 9.759298
0.255491 9.769459
0.256545 9.779709
0.257600 9.789989
0.258655 9.800245
0.259710 9.810431
0.260765 9.820506
0.261820 9.830434
0.262875 9.840180
0.263929 9.849717
0.264984 9.859015
0.266039 9.868050
0.267094 9.876799
0.268149 9.885240
0.269204 9.893354
0.270259 9.901121
0.271313 9.908525
0.272368 9.915548
0.273423 9.922177
0.274478 9.928397
0.275533 9.934197
0.276588 9.939563
0.277643 9.944488
0.278697 9.948960
0.279752 9.952974
0.280807 9.956522
0.281862 9.959600
0.282917 9.962205
0.283972 9.964334
0.285027 9.965986
0.286081 9.967163
0.287136 9.967866
0.288191 9.968099

0.288191 9.968099
0.290301 9.967178
0.292410 9.964456
0.294520 9.960010
0.296630 9.953938
0.298739 9.946355
0.300849 9.937396
0.302959 9.927210
0.305069 9.915966
0.307178 9.903852
0.309288 9.891079
0.311398 9.877889
0.313507 9.864560
0.315617 9.851414
0.317727 9.838830
0.319837 9.827247
0.321946 9.817153
0.324056 9.809054
0.326166 9.803408
0.328275 9.800536
0.330385 9.800534
0.332495 9.803246
0.334605 9.808307
0.336714 9.815222
0.338824 9.823460
0.340934 9.832506
0.343043 9.841899
0.345153 9.851239
0.347263 9.860183
0.349372 9.868442
0.351482 9.875774
0.353592 9.881979
0.355702 9.886895
0.357811 9.890391
0.359921 9.892368
0.362031 9.892750
0.364140 9.891488
0.366250 9.888554
0.368360 9.883934
0.370470 9.877635
0.372579 9.869672
0.374689 9.860072
0.376799 9.848873
0.378908 9.836114
0.381018 9.821843
0.383128 9.806110
0.385237 9.788966
0.387347 9.770465
0.389457 9.750659
0.391566 9.729603
0.393676 9.707348
0.395786 9.683947
0.397896 9.659451
0.400005 9.633910
0.402115 9.607372
0.404225 9.579887
0.406334 9.551502
0.408444 9.522264
0.410554 9.492220
0.412664 9.461416
0.414773 9.429900
0.416883 9.397719
0.418993 9.364920
0.421102 9.331554
0.423212 9.297671
0.425322 9.263322
0.427432 9.228561
0.429541 9.193445
0.431651 9.158030
0.433761 9.122379
0.435870 9.086554
0.437980 9.050621
0.440090 9.014651
0.442200 8.978714
0.444309 8.942889
0.446419 8.907252
0.448529 8.871888
0.450638 8.836882
0.452748 8.802324
0.454858 8.768304
0.456967 8.734919
0.459077 8.702266
0.461187 8.670444
0.463296 8.639556
0.465406 8.609704
0.467516 8.580992
0.469626 8.553524
0.471735 8.527401
0.473845 8.502727
0.475955 8.479600
0.478064 8.458117
0.480174 8.438368
0.482284 8.420442
0.484393 8.404419
0.486503 8.390374
0.488613 8.378371
0.490723 8.368470
0.492832 8.360717
0.494942 8.355152
0.497052 8.351802
0.499161 8.350683


0.000000 11.305128
0.001827 11.304671
0.003654 11.303301
0.005481 11.301021
0.007308 11.297838
0.009135 11.293758
0.010962 11.288791
0.012789 11.282949
0.014616 11.276245
0.016443 11.268695
0.018271 11.260315
0.020098 11.251124
0.021925 11.241142
0.023752 11.230390
0.025579 11.218891
0.027406 11.206668
0.029233 11.193746
0.031060 11.180152
0.032887 11.165911
0.034714 11.151053
0.036541 11.135607
0.038368 11.119602
0.040195 11.103069
0.042022 11.086041
0.043849 11.068550
0.045676 11.050629
0.047503 11.032314
0.049331 11.013639
0.051158 10.994640
0.052985 10.975355
0.054812 10.955820
0.056639 10.936073
0.058466 10.916155
0.060293 10.896103
0.062120 10.875958
0.063947 10.855761
0.065774 10.835552
0.067601 10.815372
0.069428 10.795263
0.071255 10.775267
0.073082 10.755426
0.074909 10.735780
0.076736 10.716373
0.078563 10.697246
0.080391 10.678441
0.082218 10.659997
0.084045 10.641955
0.085872 10.624356
0.087699 10.607238
0.089526 10.590637
0.091353 10.574592
0.093180 10.559137
0.095007 10.544305
0.096834 10.530129
0.098661 10.516636
0.100488 10.503856
0.102315 10.491812
0.104142 10.480528
0.105969 10.470021
0.107796 10.460310
0.109623 10.451406
0.111450 10.443319
0.113278 10.436054
0.115105 10.429615
0.116932 10.423999
0.118759 10.419201
0.120586 10.415210
0.122413 10.412013
0.124240 10.409592
0.126067 10.407925
0.127894 10.406985
0.129721 10.406744
0.131548 10.407167
0.133375 10.408218
0.135202 10.409856
0.137029 10.412039
0.138856 10.414721
0.140683 10.417854
0.142511 10.421387
0.144338 10.425268
0.146165 10.429445
0.147992 10.433864
0.149819 10.438470
0.151646 10.443208
0.153473 10.448024
0.155300 10.452864
0.157127 10.457675
0.158954 10.462406
0.160781 10.467008
0.162608 10.471433
0.164435 10.475636
0.166262 10.479575
0.168089 10.483209
0.169916 10.486505
0.171743 10.489429
0.173570 10.491952
0.175398 10.494050
0.177225 10.495704
0.179052 10.496897
0.180879 10.497617
0.182706 10.497857

0.182706 10.497857
0.183761 10.497704
0.184815 10.497245
0.185870 10.496482
0.186925 10.495421
0.187980 10.494068
0.189035 10.492429
0.190090 10.490513
0.191145 10.488331
0.192199 10.485890
0.193254 10.483203
0.194309 10.480278
0.195364 10.477127
0.196419 10.473759
0.197474 10.470184
0.198529 10.466410
0.199583 10.462447
0.200638 10.458302
0.201693 10.453983
0.202748 10.449496
0.203803 10.444847
0.204858 10.440041
0.205912 10.435085
0.206967 10.429982
0.208022 10.424736
0.209077 10.419351
0.210132 10.413831
0.211187 10.408177
0.212242 10.402394
0.213296 10.396482
0.214351 10.390446
0.215406 10.384286
0.216461 10.378005
0.217516 10.371604
0.218571 10.365086
0.219626 10.358453
0.220681 10.351705
0.221735 10.344846
0.222790 10.337877
0.223845 10.330800
0.224900 10.323618
0.225955 10.316333
0.227010 10.308946
0.228064 10.301462
0.229119 10.293882
0.230174 10.286210
0.231229 10.278450
0.232284 10.270604
0.233339 10.262676
0.234394 10.254671
0.235448 10.246593
0.236503 10.238447
0.237558 10.230238
0.238613 10.221971
0.239668 10.213651
0.240723 10.205285
0.241778 10.196880
0.242832 10.188442
0.243887 10.179978
0.244942 10.171495
0.245997 10.163003
0.247052 10.154508
0.248107 10.146020
0.249162 10.137548
0.250216 10.129101
0.251271 10.120690
0.252326 10.112323
0.253381 10.104013
0.254436 10.095769
0.255491 10.087603
0.256545 10.079527
0.257600 10.071552
0.258655 10.063691
0.259710 10.055955
0.260765 10.048357
0.261820 10.040910
0.262875 10.033626
0.263929 10.026518
0.264984 10.019600
0.266039 10.012883
0.267094 10.006381
0.268149 10.000106
0.269204 9.994070
0.270259 9.988286
0.271313 9.982766
0.272368 9.977520
0.273423 9.972561
0.274478 9.967898
0.275533 9.963542
0.276588 9.959501
0.277643 9.955786
0.278697 9.952402
0.279752 9.949358
0.280807 9.946661
0.281862 9.944314
0.282917 9.942323
0.283972 9.940691
0.285027 9.939421
0.286081 9.938514
0.287136 9.937971
0.288191 9.937790

0.288191 9.937790
0.290301 9.938508
0.292410 9.940643
0.294520 9.944151
0.296630 9.948973
0.298739 9.955038
0.300849 9.962258
0.302959 9.970538
0.305069 9.979771
0.307178 9.989846
0.309288 10.000644
0.311398 10.012046
0.313507 10.023928
0.315617 10.036171
0.317727 10.048655
0.319837 10.061264
0.321946 10.073887
0.324056 10.086421
0.326166 10.098767
0.328275 10.110837
0.330385 10.122551
0.332495 10.133840
0.334605 10.144645
0.336714 10.154920
0.338824 10.164632
0.340934 10.173762
0.343043 10.182305
0.345153 10.190269
0.347263 10.197679
0.349372 10.204574
0.351482 10.211007
0.353592 10.217042
0.355702 10.222759
0.357811 10.228245
0.359921 10.233595
0.362031 10.238915
0.364140 10.244310
0.366250 10.249889
0.368360 10.255761
0.370470 10.262033
0.372579 10.268805
0.374689 10.276174
0.376799 10.284226
0.378908 10.293041
0.381018 10.302687
0.383128 10.313221
0.385237 10.324689
0.387347 10.337127
0.389457 10.350558
0.391566 10.364995
0.393676 10.380440
0.395786 10.396883
0.397896 10.414308
0.400005 10.432687
0.402115 10.451986
0.404225 10.472164
0.406334 10.493171
0.408444 10.514956
0.410554 10.537460
0.412664 10.560621
0.414773 10.584374
0.416883 10.608653
0.418993 10.633387
0.421102 10.658507
0.423212 10.683942
0.425322 10.709620
0.427432 10.735470
0.429541 10.761422
0.431651 10.787405
0.433761 10.813351
0.435870 10.839191
0.437980 10.864860
0.440090 10.890294
0.442200 10.915428
0.444309 10.940201
0.446419 10.964556
0.448529 10.988433
0.450638 11.011777
0.452748 11.034535
0.454858 11.056656
0.456967 11.078090
0.459077 11.098789
0.461187 11.118709
0.463296 11.137806
0.465406 11.156038
0.467516 11.173368
0.469626 11.189758
0.471735 11.205173
0.473845 11.219580
0.475955 11.232950
0.478064 11.245254
0.480174 11.256466
0.482284 11.266563
0.484393 11.275522
0.486503 11.283326
0.488613 11.289958
0.490723 11.295403
0.492832 11.299651
0.494942 11.302691
0.497052 11.304518
0.499161 11.305127


0.000000 11.305127
0.001827 11.305051
0.003654 11.304823
0.005481 11.304442
0.007308 11.303907
0.009135 11.303217
0.010962 11.302370
0.012789 11.301365
0.014616 11.300199
0.016443 11.298870
0.018271 11.297375
0.020098 11.295710
0.021925 11.293874
0.023752 11.291862
0.025579 11.289671
0.027406 11.287298
0.029233 11.284739
0.031060 11.281991
0.032887 11.279051
0.034714 11.275915
0.036541 11.272581
0.038368 11.269045
0.040195 11.265304
0.042022 11.261358
0.043849 11.257202
0.045676 11.252837
0.047503 11.248260
0.049331 11.243471
0.051158 11.238469
0.052985 11.233254
0.054812 11.227827
0.056639 11.222189
0.058466 11.216341
0.060293 11.210285
0.062120 11.204025
0.063947 11.197563
0.065774 11.190903
0.067601 11.184049
0.069428 11.177006
0.071255 11.169780
0.073082 11.162376
0.074909 11.154800
0.076736 11.147060
0.078563 11.139163
0.080391 11.131116
0.082218 11.122929
0.084045 11.114609
0.085872 11.106167
0.087699 11.097610
0.089526 11.088950
0.091353 11.080197
0.093180 11.071361
0.095007 11.062452
0.096834 11.053483
0.098661 11.044464
0.100488 11.035407
0.102315 11.026324
0.104142 11.017226
0.105969 11.008125
0.107796 10.999034
0.109623 10.989965
0.111450 10.980930
0.113278 10.971941
0.115105 10.963011
0.116932 10.954152
0.118759 10.945375
0.120586 10.936693
0.122413 10.928118
0.124240 10.919662
0.126067 10.911336
0.127894 10.903151
0.129721 10.895120
0.131548 10.887253
0.133375 10.879561
0.135202 10.872055
0.137029 10.864744
0.138856 10.857639
0.140683 10.850749
0.142511 10.844084
0.144338 10.837652
0.146165 10.831461
0.147992 10.825522
0.149819 10.819840
0.151646 10.814423
0.153473 10.809279
0.155300 10.804414
0.157127 10.799834
0.158954 10.795545
0.160781 10.791553
0.162608 10.787861
0.164435 10.784476
0.166262 10.781401
0.168089 10.778639
0.169916 10.776195
0.171743 10.774070
0.173570 10.772268
0.175398 10.770791
0.177225 10.769640
0.179052 10.768817
0.180879 10.768323
0.182706 10.768159

0.182706 10.768159
0.183761 10.768349
0.184815 10.768917
0.185870 10.769862
0.186925 10.771176
0.187980 10.772854
0.189035 10.774885
0.190090 10.777260
0.191145 10.779967
0.192199 10.782994
0.193254 10.786328
0.194309 10.789955
0.195364 10.793861
0.196419 10.798034
0.197474 10.802460
0.198529 10.807125
0.199583 10.812016
0.200638 10.817122
0.201693 10.822429
0.202748 10.827927
0.203803 10.833605
0.204858 10.839450
0.205912 10.845454
0.206967 10.851606
0.208022 10.857897
0.209077 10.864316
0.210132 10.870856
0.211187 10.877508
0.212242 10.884263
0.213296 10.891114
0.214351 10.898051
0.215406 10.905068
0.216461 10.912157
0.217516 10.919310
0.218571 10.926521
0.219626 10.933782
0.220681 10.941087
0.221735 10.948428
0.222790 10.955798
0.223845 10.963192
0.224900 10.970603
0.225955 10.978023
0.227010 10.985448
0.228064 10.992870
0.229119 11.000283
0.230174 11.007682
0.231229 11.015060
0.232284 11.022412
0.233339 11.029732
0.234394 11.037013
0.235448 11.044251
0.236503 11.051439
0.237558 11.058572
0.238613 11.065645
0.239668 11.072653
0.240723 11.079589
0.241778 11.086449
0.242832 11.093228
0.243887 11.099921
0.244942 11.106522
0.245997 11.113028
0.247052 11.119432
0.248107 11.125731
0.249162 11.131920
0.250216 11.137994
0.251271 11.143949
0.252326 11.149780
0.253381 11.155484
0.254436 11.161056
0.255491 11.166493
0.256545 11.171790
0.257600 11.176943
0.258655 11.181949
0.259710 11.186805
0.260765 11.191506
0.261820 11.196051
0.262875 11.200434
0.263929 11.204655
0.264984 11.208709
0.266039 11.212595
0.267094 11.216309
0.268149 11.219850
0.269204 11.223215
0.270259 11.226402
0.271313 11.229411
0.272368 11.232238
0.273423 11.234884
0.274478 11.237347
0.275533 11.239626
0.276588 11.241721
0.277643 11.243630
0.278697 11.245355
0.279752 11.246896
0.280807 11.248251
0.281862 11.249423
0.282917 11.250411
0.283972 11.251217
0.285027 11.251841
0.286081 11.252286
0.287136 11.252551
0.288191 11.252639

0.288191 11.252639
0.290301 11.252290
0.292410 11.251254
0.294520 11.249548
0.296630 11.247190
0.298739 11.244203
0.300849 11.240609
0.302959 11.236435
0.305069 11.231710
0.307178 11.226466
0.309288 11.220740
0.311398 11.214572
0.313507 11.208007
0.315617 11.201094
0.317727 11.193884
0.319837 11.186436
0.321946 11.178811
0.324056 11.171073
0.326166 11.163289
0.328275 11.155529
0.330385 11.147862
0.332495 11.140361
0.334605 11.133094
0.336714 11.126130
0.338824 11.119533
0.340934 11.113363
0.343043 11.107676
0.345153 11.102517
0.347263 11.097928
0.349372 11.093939
0.351482 11.090572
0.353592 11.087841
0.355702 11.085751
0.357811 11.084296
0.359921 11.083465
0.362031 11.083238
0.364140 11.083592
0.366250 11.084495
0.368360 11.085915
0.370470 11.087816
0.372579 11.090159
0.374689 11.092906
0.376799 11.096020
0.378908 11.099462
0.381018 11.103196
0.383128 11.107188
0.385237 11.111404
0.387347 11.115814
0.389457 11.120389
0.391566 11.125104
0.393676 11.129934
0.395786 11.134857
0.397896 11.139854
0.400005 11.144906
0.402115 11.149997
0.404225 11.155114
0.406334 11.160242
0.408444 11.165371
0.410554 11.170491
0.412664 11.175591
0.414773 11.180664
0.416883 11.185703
0.418993 11.190700
0.421102 11.195650
0.423212 11.200547
0.425322 11.205386
0.427432 11.210163
0.429541 11.214872
0.431651 11.219511
0.433761 11.224073
0.435870 11.228557
0.437980 11.232957
0.440090 11.237270
0.442200 11.241492
0.444309 11.245619
0.446419 11.249648
0.448529 11.253573
0.450638 11.257392
0.452748 11.261100
0.454858 11.264692
0.456967 11.268165
0.459077 11.271513
0.461187 11.274733
0.463296 11.277818
0.465406 11.280766
0.467516 11.283569
0.469626 11.286225
0.471735 11.288726
0.473845 11.291069
0.475955 11.293248
0.478064 11.295258
0.480174 11.297095
0.482284 11.298752
0.484393 11.300227
0.486503 11.301515
0.488613 11.302611
0.490723 11.303513
0.492832 11.304218
0.494942 11.304723
0.497052 11.305026
0.499161 11.305128


0.000000 11.928853
0.001827 11.929011
0.003654 11.929483
0.005481 11.930268
0.007308 11.931359
0.009135 11.932750
0.010962 11.934433
0.012789 11.936398
0.014616 11.938634
0.016443 11.941127
0.018271 11.943863
0.020098 11.946828
0.021925 11.950005
0.023752 11.953378
0.025579 11.956931
0.027406 11.960644
0.029233 11.964501
0.031060 11.968483
0.032887 11.972572
0.034714 11.976750
0.036541 11.980999
0.038368 11.985301
0.040195 11.989638
0.042022 11.993993
0.043849 11.998350
0.045676 12.002691
0.047503 12.007002
0.049331 12.011267
0.051158 12.015471
0.052985 12.019601
0.054812 12.023643
0.056639 12.027585
0.058466 12.031414
0.060293 12.035121
0.062120 12.038695
0.063947 12.042125
0.065774 12.045405
0.067601 12.048525
0.069428 12.051479
0.071255 12.054261
0.073082 12.056864
0.074909 12.059285
0.076736 12.061518
0.078563 12.063561
0.080391 12.065410
0.082218 12.067064
0.084045 12.068521
0.085872 12.069779
0.087699 12.070840
0.089526 12.071702
0.091353 12.072368
0.093180 12.072836
0.095007 12.073111
0.096834 12.073192
0.098661 12.073084
0.100488 12.072789
0.102315 12.072310
0.104142 12.071651
0.105969 12.070816
0.107796 12.069810
0.109623 12.068638
0.111450 12.067304
0.113278 12.065814
0.115105 12.064175
0.116932 12.062392
0.118759 12.060472
0.120586 12.058423
0.122413 12.056251
0.124240 12.053964
0.126067 12.051572
0.127894 12.049082
0.129721 12.046503
0.131548 12.043845
0.133375 12.041118
0.135202 12.038332
0.137029 12.035498
0.138856 12.032626
0.140683 12.029730
0.142511 12.026820
0.144338 12.023909
0.146165 12.021010
0.147992 12.018135
0.149819 12.015298
0.151646 12.012512
0.153473 12.009790
0.155300 12.007147
0.157127 12.004596
0.158954 12.002149
0.160781 11.999821
0.162608 11.997625
0.164435 11.995571
0.166262 11.993674
0.168089 11.991943
0.169916 11.990390
0.171743 11.989023
0.173570 11.987851
0.175398 11.986882
0.177225 11.986122
0.179052 11.985575
0.180879 11.985246
0.182706 11.985136

0.182706 11.985136
0.183761 11.985029
0.184815 11.984707
0.185870 11.984172
0.186925 11.983424
0.187980 11.982462
0.189035 11.981289
0.190090 11.979906
0.191145 11.978313
0.192199 11.976511
0.193254 11.974504
0.194309 11.972292
0.195364 11.969877
0.196419 11.967263
0.197474 11.964450
0.198529 11.961443
0.199583 11.958243
0.200638 11.954854
0.201693 11.951279
0.202748 11.947521
0.203803 11.943584
0.204858 11.939471
0.205912 11.935188
0.206967 11.930736
0.208022 11.926122
0.209077 11.921349
0.210132 11.916422
0.211187 11.911346
0.212242 11.906126
0.213296 11.900767
0.214351 11.895274
0.215406 11.889653
0.216461 11.883909
0.217516 11.878049
0.218571 11.872077
0.219626 11.866000
0.220681 11.859825
0.221735 11.853557
0.222790 11.847203
0.223845 11.840769
0.224900 11.834262
0.225955 11.827689
0.227010 11.821057
0.228064 11.814372
0.229119 11.807641
0.230174 11.800872
0.231229 11.794071
0.232284 11.787245
0.233339 11.780402
0.234394 11.773550
0.235448 11.766694
0.236503 11.759843
0.237558 11.753003
0.238613 11.746181
0.239668 11.739386
0.240723 11.732624
0.241778 11.725901
0.242832 11.719226
0.243887 11.712605
0.244942 11.706045
0.245997 11.699553
0.247052 11.693136
0.248107 11.686800
0.249162 11.680552
0.250216 11.674398
0.251271 11.668344
0.252326 11.662397
0.253381 11.656563
0.254436 11.650847
0.255491 11.645256
0.256545 11.639794
0.257600 11.634467
0.258655 11.629281
0.259710 11.624240
0.260765 11.619349
0.261820 11.614613
0.262875 11.610035
0.263929 11.605620
0.264984 11.601373
0.266039 11.597296
0.267094 11.593393
0.268149 11.589667
0.269204 11.586121
0.270259 11.582758
0.271313 11.579580
0.272368 11.576589
0.273423 11.573788
0.274478 11.571177
0.275533 11.568758
0.276588 11.566532
0.277643 11.564501
0.278697 11.562663
0.279752 11.561021
0.280807 11.559574
0.281862 11.558321
0.282917 11.557263
0.283972 11.556400
0.285027 11.555729
0.286081 11.555252
0.287136 11.554966
0.288191 11.554871

0.288191 11.554871
0.290301 11.555249
0.292410 11.556374
0.294520 11.558236
0.296630 11.560823
0.298739 11.564120
0.300849 11.568115
0.302959 11.572792
0.305069 11.578135
0.307178 11.584127
0.309288 11.590748
0.311398 11.597978
0.313507 11.605794
0.315617 11.614170
0.317727 11.623080
0.319837 11.632495
0.321946 11.642383
0.324056 11.652712
0.326166 11.663447
0.328275 11.674553
0.330385 11.685992
0.332495 11.697726
0.334605 11.709715
0.336714 11.721921
0.338824 11.734303
0.340934 11.746821
0.343043 11.759436
0.345153 11.772108
0.347263 11.784798
0.349372 11.797469
0.351482 11.810084
0.353592 11.822607
0.355702 11.835003
0.357811 11.847240
0.359921 11.859285
0.362031 11.871110
0.364140 11.882686
0.366250 11.893986
0.368360 11.904987
0.370470 11.915664
0.372579 11.925998
0.374689 11.935969
0.376799 11.945558
0.378908 11.954751
0.381018 11.963533
0.383128 11.971891
0.385237 11.979814
0.387347 11.987293
0.389457 11.994319
0.391566 12.000886
0.393676 12.006988
0.395786 12.012620
0.397896 12.017780
0.400005 12.022466
0.402115 12.026677
0.404225 12.030413
0.406334 12.033675
0.408444 12.036466
0.410554 12.038789
0.412664 12.040650
0.414773 12.042053
0.416883 12.043005
0.418993 12.043514
0.421102 12.043589
0.423212 12.043240
0.425322 12.042478
0.427432 12.041316
0.429541 12.039768
0.431651 12.037849
0.433761 12.035574
0.435870 12.032963
0.437980 12.030034
0.440090 12.026807
0.442200 12.023306
0.444309 12.019552
0.446419 12.015571
0.448529 12.011388
0.450638 12.007032
0.452748 12.002529
0.454858 11.997910
0.456967 11.993206
0.459077 11.988446
0.461187 11.983664
0.463296 11.978892
0.465406 11.974162
0.467516 11.969508
0.469626 11.964963
0.471735 11.960559
0.473845 11.956328
0.475955 11.952302
0.478064 11.948511
0.480174 11.944983
0.482284 11.941747
0.484393 11.938827
0.486503 11.936247
0.488613 11.934027
0.490723 11.932185
0.492832 11.930736
0.494942 11.929693
0.497052 11.929063
0.499161 11.928853


0.000000 13.852155
0.001827 13.851506
0.003654 13.849558
0.005481 13.846315
0.007308 13.841778
0.009135 13.835952
0.010962 13.828842
0.012789 13.820456
0.014616 13.810800
0.016443 13.799885
0.018271 13.787719
0.020098 13.774315
0.021925 13.759684
0.023752 13.743841
0.025579 13.726799
0.027406 13.708574
0.029233 13.689182
0.031060 13.668642
0.032887 13.646971
0.034714 13.624188
0.036541 13.600315
0.038368 13.575372
0.040195 13.549381
0.042022 13.522364
0.043849 13.494346
0.045676 13.465351
0.047503 13.435404
0.049331 13.404530
0.051158 13.372758
0.052985 13.340113
0.054812 13.306624
0.056639 13.272321
0.058466 13.237233
0.060293 13.201390
0.062120 13.164823
0.063947 13.127566
0.065774 13.089650
0.067601 13.051110
0.069428 13.011981
0.071255 12.972298
0.073082 12.932098
0.074909 12.891419
0.076736 12.850300
0.078563 12.808782
0.080391 12.766906
0.082218 12.724715
0.084045 12.682254
0.085872 12.639569
0.087699 12.596708
0.089526 12.553719
0.091353 12.510656
0.093180 12.467570
0.095007 12.424518
0.096834 12.381557
0.098661 12.338746
0.100488 12.296149
0.102315 12.253830
0.104142 12.211855
0.105969 12.170294
0.107796 12.129218
0.109623 12.088700
0.111450 12.048817
0.113278 12.009645
0.115105 11.971263
0.116932 11.933750
0.118759 11.897185
0.120586 11.861648
0.122413 11.827217
0.124240 11.793965
0.126067 11.761965
0.127894 11.731284
0.129721 11.701984
0.131548 11.674116
0.133375 11.647727
0.135202 11.622851
0.137029 11.599513
0.138856 11.577725
0.140683 11.557486
0.142511 11.538785
0.144338 11.521597
0.146165 11.505885
0.147992 11.491601
0.149819 11.478689
0.151646 11.467083
0.153473 11.456711
0.155300 11.447496
0.157127 11.439358
0.158954 11.432214
0.160781 11.425982
0.162608 11.420583
0.164435 11.415939
0.166262 11.411976
0.168089 11.408625
0.169916 11.405823
0.171743 11.403514
0.173570 11.401646
0.175398 11.400177
0.177225 11.399072
0.179052 11.398303
0.180879 11.397849
0.182706 11.397699

0.182706 11.397699
0.183761 11.397629
0.184815 11.397417
0.185870 11.397064
0.186925 11.396571
0.187980 11.395936
0.189035 11.395161
0.190090 11.394246
0.191145 11.393191
0.192199 11.391996
0.193254 11.390663
0.194309 11.389190
0.195364 11.387580
0.196419 11.385832
0.197474 11.383948
0.198529 11.381927
0.199583 11.379771
0.200638 11.377480
0.201693 11.375056
0.202748 11.372499
0.203803 11.369811
0.204858 11.366991
0.205912 11.364043
0.206967 11.360966
0.208022 11.357762
0.209077 11.354432
0.210132 11.350977
0.211187 11.347400
0.212242 11.343702
0.213296 11.339884
0.214351 11.335947
0.215406 11.331895
0.216461 11.327728
0.217516 11.323448
0.218571 11.319058
0.219626 11.314560
0.220681 11.309955
0.221735 11.305247
0.222790 11.300437
0.223845 11.295528
0.224900 11.290523
0.225955 11.285425
0.227010 11.280235
0.228064 11.274958
0.229119 11.269597
0.230174 11.264154
0.231229 11.258633
0.232284 11.253038
0.233339 11.247372
0.234394 11.241639
0.235448 11.235843
0.236503 11.229988
0.237558 11.224079
0.238613 11.218120
0.239668 11.212115
0.240723 11.206071
0.241778 11.199991
0.242832 11.193881
0.243887 11.187747
0.244942 11.181594
0.245997 11.175428
0.247052 11.169256
0.248107 11.163084
0.249162 11.156919
0.250216 11.150767
0.251271 11.144636
0.252326 11.138534
0.253381 11.132467
0.254436 11.126444
0.255491 11.120473
0.256545 11.114562
0.257600 11.108721
0.258655 11.102958
0.259710 11.097281
0.260765 11.091702
0.261820 11.086228
0.262875 11.080869
0.263929 11.075636
0.264984 11.070537
0.266039 11.065584
0.267094 11.060785
0.268149 11.056151
0.269204 11.051691
0.270259 11.047414
0.271313 11.043332
0.272368 11.039451
0.273423 11.035781
0.274478 11.032331
0.275533 11.029109
0.276588 11.026121
0.277643 11.023375
0.278697 11.020876
0.279752 11.018630
0.280807 11.016641
0.281862 11.014914
0.282917 11.013450
0.283972 11.012253
0.285027 11.011323
0.286081 11.010660
0.287136 11.010263
0.288191 11.010132

0.288191 11.010132
0.290301 11.010652
0.292410 11.012192
0.294520 11.014710
0.296630 11.018158
0.298739 11.022480
0.300849 11.027619
0.302959 11.033516
0.305069 11.040113
0.307178 11.047361
0.309288 11.055215
0.311398 11.063638
0.313507 11.072604
0.315617 11.082098
0.317727 11.092116
0.319837 11.102665
0.321946 11.113766
0.324056 11.125450
0.326166 11.137761
0.328275 11.150751
0.330385 11.164485
0.332495 11.179035
0.334605 11.194481
0.336714 11.210907
0.338824 11.228403
0.340934 11.247057
0.343043 11.266959
0.345153 11.288193
0.347263 11.310837
0.349372 11.334961
0.351482 11.360622
0.353592 11.387865
0.355702 11.416720
0.357811 11.447204
0.359921 11.479314
0.362031 11.513037
0.364140 11.548340
0.366250 11.585181
0.368360 11.623503
0.370470 11.663241
0.372579 11.704321
0.374689 11.746660
0.376799 11.790173
0.378908 11.834769
0.381018 11.880358
0.383128 11.926845
0.385237 11.974138
0.387347 12.022144
0.389457 12.070772
0.391566 12.119933
0.393676 12.169539
0.395786 12.219504
0.397896 12.269747
0.400005 12.320187
0.402115 12.370747
0.404225 12.421351
0.406334 12.471926
0.408444 12.522401
0.410554 12.572710
0.412664 12.622784
0.414773 12.672560
0.416883 12.721975
0.418993 12.770969
0.421102 12.819482
0.423212 12.867457
0.425322 12.914837
0.427432 12.961569
0.429541 13.007597
0.431651 13.052871
0.433761 13.097339
0.435870 13.140951
0.437980 13.183658
0.440090 13.225412
0.442200 13.266167
0.444309 13.305878
0.446419 13.344499
0.448529 13.381987
0.450638 13.418300
0.452748 13.453397
0.454858 13.487238
0.456967 13.519783
0.459077 13.550996
0.461187 13.580841
0.463296 13.609282
0.465406 13.636286
0.467516 13.661821
0.469626 13.685858
0.471735 13.708366
0.473845 13.729320
0.475955 13.748693
0.478064 13.766463
0.480174 13.782608
0.482284 13.797107
0.484393 13.809943
0.486503 13.821100
0.488613 13.830564
0.490723 13.838324
0.492832 13.844370
0.494942 13.848693
0.497052 13.851290
0.499161 13.852155

