  0.001000   0.000033 
  9.135000  12.645815 
 18.271000  25.198466 
 27.406000  37.567256 
 36.541000  49.666127 
 45.676000  61.414655 
 54.812000  72.737755 
 63.947000  83.564912 
 73.082000  93.828613 
 82.218000 103.463145 
 91.353000 112.404397 
100.488000 120.590961 
109.623000 127.966964 
118.759000 134.485807 
127.894000 140.114201 
137.029000 144.835500 
146.165000 148.650440 
155.300000 151.574996 
164.435000 153.634654 
173.570000 154.856600 
182.706000 155.261346 
182.706000 155.261346 
187.980000 155.638707 
193.254000 156.752678 
198.529000 158.550022 
203.803000 160.945279 
209.077000 163.824571 
214.351000 167.049168 
219.626000 170.458360 
224.900000 173.871355 
230.174000 177.091516 
235.448000 179.918338 
240.723000 182.176333 
245.997000 183.759395 
251.271000 184.668858 
256.545000 185.010661 
261.820000 184.950820 
267.094000 184.662620 
272.368000 184.293932 
277.643000 183.956065 
282.917000 183.724171 
288.191000 183.641847 
288.191000 180.654147 
298.739000 180.020242 
309.288000 177.914718 
319.837000 174.128432 
330.385000 168.586698 
340.934000 161.325308 
351.482000 152.452103 
362.031000 142.115318 
372.579000 130.487707 
383.128000 117.763071 
393.676000 104.159693 
404.225000  89.925713 
414.773000  75.345092 
425.322000  60.744057 
435.870000  46.497034 
446.419000  33.029117 
456.967000  20.802425 
467.516000  10.221038 
478.064000  -2.111527 
488.613000  -3.091072 
499.161000   0.000000 
